	11.0	12.0	13.0	14.0	15.0	16.0	17.0	18.0	19.0	20.0	21.0	22.0	23.0	24.0	25.0	26.0	27.0	28.0	29.0	30.0	31.0	32.0	33.0	34.0	35.0	36.0	37.0
Sample_134716_R2	1.0	1.0	1.0	2.0	1.0	18.0	3.0	0.0	4.0	3.0	4.0	5.0	1.0	11.0	7.0	10.0	14.0	19.0	31.0	37.0	41.0	42.0	72.0	92.0	181.0	322.0	77.0
	13.0	14.0	15.0	16.0	17.0	18.0	19.0	20.0	21.0	22.0	23.0	24.0	25.0	26.0	27.0	28.0	29.0	30.0	31.0	32.0	33.0	34.0	35.0	36.0	37.0
Sample_134717_R2	2.0	0.0	0.0	1.0	0.0	1.0	1.0	1.0	2.0	3.0	2.0	5.0	2.0	3.0	13.0	22.0	32.0	25.0	33.0	53.0	58.0	83.0	204.0	335.0	119.0
	13.0	14.0	15.0	16.0	17.0	18.0	19.0	20.0	21.0	22.0	23.0	24.0	25.0	26.0	27.0	28.0	29.0	30.0	31.0	32.0	33.0	34.0	35.0	36.0	37.0
Sample_134718_R2	2.0	0.0	1.0	1.0	1.0	2.0	0.0	2.0	4.0	5.0	2.0	5.0	3.0	13.0	7.0	15.0	23.0	24.0	44.0	60.0	66.0	143.0	194.0	301.0	82.0
	15.0	16.0	17.0	18.0	19.0	20.0	21.0	22.0	23.0	24.0	25.0	26.0	27.0	28.0	29.0	30.0	31.0	32.0	33.0	34.0	35.0	36.0	37.0
Sample_134719_R2	1.0	1.0	1.0	0.0	0.0	4.0	2.0	3.0	6.0	9.0	8.0	11.0	12.0	22.0	26.0	37.0	33.0	45.0	60.0	106.0	194.0	334.0	85.0
	18.0	19.0	20.0	21.0	22.0	23.0	24.0	25.0	26.0	27.0	28.0	29.0	30.0	31.0	32.0	33.0	34.0	35.0	36.0	37.0
Sample_134720_R2	1.0	0.0	1.0	0.0	4.0	3.0	2.0	6.0	8.0	6.0	23.0	18.0	28.0	27.0	36.0	54.0	84.0	139.0	358.0	202.0
	12.0	13.0	14.0	15.0	16.0	17.0	18.0	19.0	20.0	21.0	22.0	23.0	24.0	25.0	26.0	27.0	28.0	29.0	30.0	31.0	32.0	33.0	34.0	35.0	36.0	37.0
Sample_134721_R2	1.0	0.0	2.0	7.0	27.0	6.0	0.0	2.0	0.0	4.0	5.0	2.0	3.0	8.0	9.0	10.0	16.0	26.0	44.0	27.0	33.0	64.0	108.0	226.0	304.0	66.0
	15.0	16.0	17.0	18.0	19.0	20.0	21.0	22.0	23.0	24.0	25.0	26.0	27.0	28.0	29.0	30.0	31.0	32.0	33.0	34.0	35.0	36.0	37.0
Sample_134722_R2	6.0	16.0	8.0	3.0	2.0	2.0	3.0	5.0	9.0	6.0	4.0	2.0	9.0	19.0	29.0	26.0	34.0	53.0	70.0	99.0	191.0	319.0	85.0
	15.0	16.0	17.0	18.0	19.0	20.0	21.0	22.0	23.0	24.0	25.0	26.0	27.0	28.0	29.0	30.0	31.0	32.0	33.0	34.0	35.0	36.0	37.0
Sample_134723_R2	2.0	1.0	0.0	3.0	2.0	3.0	5.0	4.0	3.0	3.0	7.0	3.0	13.0	20.0	34.0	33.0	30.0	48.0	63.0	81.0	172.0	315.0	155.0
	14.0	15.0	16.0	17.0	18.0	19.0	20.0	21.0	22.0	23.0	24.0	25.0	26.0	27.0	28.0	29.0	30.0	31.0	32.0	33.0	34.0	35.0	36.0	37.0
Sample_134767_R2	1.0	1.0	0.0	1.0	1.0	2.0	4.0	3.0	4.0	3.0	4.0	7.0	9.0	17.0	14.0	24.0	23.0	34.0	35.0	52.0	67.0	147.0	292.0	255.0
	15.0	16.0	17.0	18.0	19.0	20.0	21.0	22.0	23.0	24.0	25.0	26.0	27.0	28.0	29.0	30.0	31.0	32.0	33.0	34.0	35.0	36.0	37.0
Sample_134768_R2	1.0	1.0	1.0	1.0	1.0	1.0	1.0	5.0	1.0	7.0	5.0	4.0	3.0	20.0	26.0	26.0	34.0	40.0	48.0	81.0	137.0	329.0	227.0
	12.0	13.0	14.0	15.0	16.0	17.0	18.0	19.0	20.0	21.0	22.0	23.0	24.0	25.0	26.0	27.0	28.0	29.0	30.0	31.0	32.0	33.0	34.0	35.0	36.0	37.0
Sample_134771_R2	1.0	0.0	2.0	0.0	0.0	2.0	2.0	1.0	2.0	2.0	3.0	2.0	3.0	4.0	7.0	14.0	13.0	22.0	26.0	36.0	49.0	50.0	113.0	154.0	355.0	137.0
	16.0	17.0	18.0	19.0	20.0	21.0	22.0	23.0	24.0	25.0	26.0	27.0	28.0	29.0	30.0	31.0	32.0	33.0	34.0	35.0	36.0	37.0
Sample_134772_R2	1.0	2.0	3.0	1.0	1.0	1.0	3.0	7.0	2.0	5.0	12.0	14.0	15.0	26.0	30.0	35.0	38.0	67.0	109.0	239.0	313.0	76.0
	15.0	16.0	17.0	18.0	19.0	20.0	21.0	22.0	23.0	24.0	25.0	26.0	27.0	28.0	29.0	30.0	31.0	32.0	33.0	34.0	35.0	36.0	37.0
Sample_134777_R2	2.0	0.0	0.0	2.0	1.0	2.0	4.0	5.0	5.0	5.0	8.0	6.0	12.0	17.0	14.0	39.0	40.0	47.0	60.0	90.0	193.0	342.0	106.0
	15.0	16.0	17.0	18.0	19.0	20.0	21.0	22.0	23.0	24.0	25.0	26.0	27.0	28.0	29.0	30.0	31.0	32.0	33.0	34.0	35.0	36.0	37.0
Sample_134778_R2	1.0	1.0	1.0	3.0	4.0	2.0	3.0	1.0	4.0	1.0	3.0	9.0	7.0	19.0	21.0	40.0	37.0	64.0	80.0	131.0	201.0	307.0	60.0
	13.0	14.0	15.0	16.0	17.0	18.0	19.0	20.0	21.0	22.0	23.0	24.0	25.0	26.0	27.0	28.0	29.0	30.0	31.0	32.0	33.0	34.0	35.0	36.0	37.0
Sample_134789_R2	1.0	0.0	0.0	0.0	1.0	0.0	2.0	2.0	0.0	3.0	6.0	3.0	7.0	7.0	12.0	18.0	23.0	26.0	33.0	35.0	59.0	107.0	191.0	355.0	109.0
	16.0	17.0	18.0	19.0	20.0	21.0	22.0	23.0	24.0	25.0	26.0	27.0	28.0	29.0	30.0	31.0	32.0	33.0	34.0	35.0	36.0	37.0
Sample_134790_R2	2.0	3.0	1.0	0.0	0.0	1.0	1.0	2.0	4.0	11.0	6.0	14.0	27.0	28.0	36.0	37.0	62.0	76.0	123.0	215.0	294.0	57.0

