Sample	1	2	3	4	5	6	7	8	9	12	17	22	27	32	37	42	47	52	57	62	67	72	77	82	87	92	97	102	107	112	117	122	127	132	137	142	147	152	157	162	167	172	177	182	187	192	197	202	207	212	217	222	227	232	237	242	247	252	257	262	267	272	277	282	287	290
Sample_134716_R2 - illumina_universal_adapter	0.0	0.0	0.0	0.0	0.0	0.0	0.0	0.0	0.0	0.0	0.0	0.0	0.0	0.0	0.0	0.0	0.0	0.0	0.0	0.0	0.0	0.0	0.0	0.0	0.0	0.0	0.0	0.0	0.0	0.0	0.0	0.02	0.1	0.1	0.1	0.1	0.1	0.1	0.1	0.1	0.1	0.1	0.1	0.1	0.1	0.24000000000000005	0.3	0.38	0.45999999999999996	0.5	0.5	0.5	0.6	0.7799999999999999	0.8	0.8	0.8400000000000001	0.9	0.9800000000000001	1.08	1.1	1.1	1.1	1.1	1.1600000000000001	1.3
Sample_134717_R2 - illumina_universal_adapter	0.0	0.0	0.0	0.0	0.0	0.0	0.0	0.0	0.0	0.0	0.0	0.0	0.0	0.0	0.0	0.0	0.0	0.0	0.0	0.0	0.0	0.0	0.0	0.0	0.0	0.0	0.0	0.0	0.0	0.0	0.0	0.0	0.0	0.0	0.0	0.0	0.0	0.0	0.0	0.0	0.0	0.0	0.0	0.0	0.0	0.0	0.0	0.08	0.1	0.1	0.13999999999999999	0.2	0.2	0.2	0.2	0.2	0.2	0.2	0.2	0.2	0.2	0.2	0.2	0.28	0.3	0.4
Sample_134718_R2 - illumina_universal_adapter	0.0	0.0	0.0	0.0	0.0	0.0	0.0	0.0	0.0	0.0	0.0	0.0	0.0	0.0	0.0	0.0	0.0	0.0	0.0	0.0	0.0	0.0	0.0	0.0	0.0	0.0	0.0	0.0	0.0	0.0	0.0	0.0	0.0	0.0	0.0	0.0	0.0	0.0	0.0	0.0	0.0	0.0	0.0	0.0	0.0	0.0	0.0	0.0	0.0	0.0	0.0	0.06000000000000001	0.18	0.2	0.2	0.3	0.3	0.3	0.38	0.4	0.4	0.4	0.4	0.4	0.4	0.5
Sample_134719_R2 - illumina_universal_adapter	0.0	0.0	0.0	0.0	0.0	0.0	0.0	0.0	0.0	0.0	0.0	0.0	0.0	0.0	0.0	0.0	0.0	0.0	0.0	0.0	0.0	0.0	0.0	0.0	0.0	0.0	0.06000000000000001	0.1	0.1	0.1	0.1	0.1	0.1	0.1	0.12000000000000002	0.2	0.2	0.2	0.2	0.2	0.24000000000000005	0.3	0.3	0.38	0.4	0.4	0.4	0.5	0.5	0.5	0.5	0.5	0.6	0.6	0.6	0.64	0.7	0.7	0.7	0.7	0.7	0.7	0.7799999999999999	0.8800000000000001	0.9	1.0
Sample_134720_R2 - illumina_universal_adapter	0.0	0.0	0.0	0.0	0.0	0.0	0.0	0.0	0.0	0.0	0.0	0.0	0.0	0.0	0.0	0.0	0.0	0.0	0.0	0.0	0.0	0.0	0.0	0.0	0.0	0.0	0.0	0.0	0.0	0.0	0.0	0.0	0.0	0.0	0.0	0.0	0.0	0.0	0.06000000000000001	0.1	0.1	0.1	0.1	0.1	0.1	0.1	0.1	0.1	0.1	0.1	0.1	0.1	0.18	0.2	0.4	0.4	0.4	0.4	0.4	0.4	0.4	0.4	0.4	0.4	0.4	0.5
Sample_134721_R2 - illumina_universal_adapter	0.0	0.0	0.0	0.0	0.0	0.0	0.0	0.0	0.0	0.0	0.0	0.0	0.0	0.0	0.0	0.0	0.0	0.0	0.0	0.0	0.0	0.0	0.0	0.0	0.0	0.0	0.0	0.0	0.0	0.0	0.0	0.0	0.0	0.0	0.08	0.1	0.16	0.2	0.22000000000000003	0.3	0.3	0.3	0.3	0.3	0.33999999999999997	0.4	0.4	0.4	0.4	0.4	0.4	0.4	0.4	0.4	0.42000000000000004	0.5	0.5	0.5	0.54	0.6	0.6	0.6	0.7	0.7	0.7	0.8
Sample_134722_R2 - illumina_universal_adapter	0.0	0.0	0.0	0.0	0.0	0.0	0.0	0.0	0.0	0.0	0.0	0.0	0.0	0.0	0.0	0.0	0.0	0.0	0.0	0.0	0.0	0.0	0.0	0.0	0.0	0.0	0.0	0.0	0.0	0.0	0.0	0.0	0.0	0.0	0.0	0.02	0.1	0.1	0.1	0.1	0.1	0.1	0.1	0.1	0.2	0.2	0.2	0.2	0.2	0.2	0.2	0.2	0.28	0.32	0.4	0.4	0.6599999999999999	0.7	0.7	0.7	0.7	0.7	0.7	0.7	0.7	0.8
Sample_134723_R2 - illumina_universal_adapter	0.0	0.0	0.0	0.0	0.0	0.0	0.0	0.0	0.0	0.0	0.0	0.0	0.0	0.0	0.0	0.0	0.0	0.0	0.0	0.0	0.0	0.0	0.0	0.0	0.0	0.0	0.0	0.0	0.0	0.0	0.0	0.0	0.0	0.0	0.0	0.0	0.0	0.0	0.0	0.0	0.0	0.0	0.0	0.0	0.0	0.0	0.0	0.0	0.0	0.0	0.0	0.0	0.02	0.13999999999999999	0.2	0.2	0.2	0.2	0.2	0.2	0.24000000000000005	0.3	0.3	0.3	0.3	0.4
Sample_134767_R2 - illumina_universal_adapter	0.0	0.0	0.0	0.0	0.0	0.0	0.0	0.0	0.0	0.0	0.0	0.0	0.0	0.0	0.0	0.0	0.0	0.0	0.0	0.0	0.0	0.0	0.0	0.0	0.0	0.0	0.0	0.0	0.0	0.0	0.0	0.0	0.0	0.0	0.0	0.0	0.0	0.0	0.2	0.2	0.26	0.3	0.3	0.3	0.33999999999999997	0.44000000000000006	0.5	0.5	0.5	0.5	0.5	0.5	0.5	0.52	0.6	0.7	0.7799999999999999	0.8400000000000001	0.9	0.9	0.9	0.9	0.9400000000000001	1.0	1.0	1.1
Sample_134768_R2 - illumina_universal_adapter	0.0	0.0	0.0	0.0	0.0	0.0	0.0	0.0	0.0	0.0	0.0	0.0	0.0	0.0	0.0	0.0	0.0	0.0	0.0	0.0	0.0	0.0	0.0	0.0	0.0	0.0	0.0	0.0	0.0	0.0	0.0	0.0	0.0	0.0	0.0	0.0	0.0	0.0	0.0	0.1	0.1	0.1	0.1	0.1	0.1	0.12000000000000002	0.3	0.32	0.4	0.4	0.44000000000000006	0.5	0.5	0.5	0.5	0.5	0.5	0.54	0.6	0.6	0.6	0.6	0.6	0.6	0.6	0.7
Sample_134771_R2 - illumina_universal_adapter	0.0	0.0	0.0	0.0	0.0	0.0	0.0	0.0	0.0	0.0	0.0	0.0	0.0	0.0	0.0	0.0	0.0	0.0	0.0	0.0	0.04	0.1	0.1	0.1	0.1	0.1	0.1	0.1	0.1	0.1	0.1	0.1	0.1	0.1	0.1	0.1	0.1	0.1	0.1	0.13999999999999999	0.2	0.2	0.2	0.2	0.28	0.3	0.3	0.3	0.3	0.3	0.3	0.4	0.4	0.4	0.4	0.4	0.45999999999999996	0.5	0.5	0.5	0.5	0.56	0.6	0.6	0.6	0.7
Sample_134772_R2 - illumina_universal_adapter	0.0	0.0	0.0	0.0	0.0	0.0	0.0	0.0	0.0	0.0	0.0	0.0	0.0	0.0	0.0	0.0	0.0	0.0	0.0	0.06000000000000001	0.1	0.1	0.1	0.1	0.1	0.1	0.1	0.1	0.1	0.1	0.1	0.1	0.16	0.22000000000000003	0.3	0.3	0.3	0.3	0.3	0.3	0.3	0.3	0.3	0.3	0.3	0.3	0.4	0.4	0.4	0.4	0.4	0.48	0.5	0.52	0.6	0.64	0.7	0.7799999999999999	0.8	0.86	0.9	0.9	0.9	0.9	0.9	1.0
Sample_134777_R2 - illumina_universal_adapter	0.0	0.0	0.0	0.0	0.0	0.0	0.0	0.0	0.0	0.0	0.0	0.0	0.0	0.0	0.0	0.0	0.0	0.0	0.0	0.0	0.0	0.0	0.0	0.0	0.0	0.0	0.0	0.0	0.0	0.0	0.0	0.06000000000000001	0.1	0.1	0.1	0.1	0.1	0.1	0.13999999999999999	0.2	0.2	0.2	0.2	0.28	0.3	0.3	0.32	0.4	0.4	0.4	0.4	0.4	0.4	0.4	0.5	0.5	0.5	0.54	0.6	0.6	0.6	0.6	0.6	0.6	0.6	0.7
Sample_134778_R2 - illumina_universal_adapter	0.0	0.0	0.0	0.0	0.0	0.0	0.0	0.0	0.0	0.0	0.0	0.0	0.0	0.0	0.0	0.0	0.06000000000000001	0.1	0.1	0.1	0.1	0.1	0.1	0.1	0.1	0.1	0.1	0.1	0.1	0.1	0.1	0.1	0.1	0.1	0.1	0.1	0.2	0.2	0.2	0.2	0.2	0.2	0.2	0.2	0.24000000000000005	0.3	0.3	0.3	0.3	0.3	0.3	0.3	0.3	0.3	0.3	0.3	0.3	0.36	0.4	0.4	0.45999999999999996	0.5	0.5	0.5	0.5	0.6
Sample_134789_R2 - illumina_universal_adapter	0.0	0.0	0.0	0.0	0.0	0.0	0.0	0.0	0.0	0.0	0.0	0.0	0.0	0.0	0.0	0.0	0.0	0.0	0.0	0.0	0.0	0.0	0.0	0.0	0.0	0.0	0.0	0.0	0.0	0.0	0.0	0.0	0.0	0.02	0.1	0.1	0.2	0.2	0.2	0.2	0.2	0.2	0.24000000000000005	0.3	0.3	0.3	0.3	0.3	0.44000000000000006	0.5	0.5	0.5	0.5	0.56	0.6	0.6	0.6	0.6	0.6	0.6	0.6	0.6599999999999999	0.7	0.7	0.7	0.8
Sample_134790_R2 - illumina_universal_adapter	0.0	0.0	0.0	0.0	0.0	0.0	0.0	0.0	0.0	0.0	0.0	0.0	0.0	0.0	0.0	0.0	0.0	0.0	0.0	0.0	0.0	0.0	0.0	0.0	0.0	0.0	0.0	0.0	0.0	0.0	0.0	0.0	0.0	0.0	0.0	0.0	0.0	0.0	0.0	0.0	0.0	0.0	0.04	0.1	0.1	0.1	0.1	0.1	0.1	0.1	0.16	0.2	0.2	0.2	0.2	0.2	0.2	0.2	0.2	0.2	0.2	0.2	0.2	0.2	0.2	0.3
