	1	2	3	4	5	6	7	8	9	12	17	22	27	32	37	42	47	52	57	62	67	72	77	82	87	92	97	102	107	112	117	122	127	132	137	142	147	152	157	162	167	172	177	182	187	192	197	202	207	211
Control9_20190715_MiFish_S51.2 - polyg	0.0	0.0	0.0	0.0	0.0	0.0	0.0	0.0	0.0	0.0	0.0	0.0	0.0	0.0	0.0	0.0	0.0	0.0	0.0	0.0	0.0	0.0	0.0	0.0	0.0	0.0	0.0	0.01119194180190263	0.1119194180190263	0.1119194180190263	0.1119194180190263	0.1119194180190263	0.1119194180190263	0.1119194180190263	0.1119194180190263	0.1119194180190263	0.1119194180190263	0.1119194180190263	0.1119194180190263	0.1119194180190263	0.1119194180190263	0.1119194180190263	0.1119194180190263	0.1119194180190263	0.1119194180190263	0.1119194180190263	0.1119194180190263	0.1119194180190263	0.1119194180190263	0.1119194180190263
	1	2	3	4	5	6	7	8	9	12	17	22	27	32	37	42	47	52	57	62	67	72	77	82	87	92	97	102	107	112	117	122	127	132	137	142	147	152	157	162	167	172	177	182	187	192	197	202	207	211
ExtNeg_20190910_MiFish_S55.2 - polyg	0.0	0.0	0.0	0.0	0.0	0.0	0.0	0.0	0.0	0.0	0.0	1.0112359550561796	1.685393258426966	1.685393258426966	1.685393258426966	1.685393258426966	1.685393258426966	1.685393258426966	1.685393258426966	1.685393258426966	1.685393258426966	1.685393258426966	1.685393258426966	1.685393258426966	1.685393258426966	1.685393258426966	1.685393258426966	1.685393258426966	1.685393258426966	1.685393258426966	1.685393258426966	1.685393258426966	1.685393258426966	1.685393258426966	1.685393258426966	1.685393258426966	1.685393258426966	1.685393258426966	1.685393258426966	1.685393258426966	1.685393258426966	1.685393258426966	1.685393258426966	1.685393258426966	1.685393258426966	1.685393258426966	1.685393258426966	1.685393258426966	1.685393258426966	1.6853932584269662
	1	2	3	4	5	6	7	8	9	12	17	22	27	32	37	42	47	52	57	62	67	72	77	82	87	92	97	102	107	112	117	122	127	132	137	142	147	152	157	162	167	172	177	182	187	192	197	202	207	211
ExtNeg_20190918_MiFish_S56.2 - polyg	0.0	0.0	0.0	0.0	0.0	0.0	0.0	0.0	0.0	0.0	0.0	0.0	0.0	0.0	0.0	0.0	0.0	0.0	0.0	0.0	0.0	0.0	0.0	0.0	0.0	0.0	0.0	0.0	0.5208333333333334	0.5208333333333334	0.5208333333333334	0.5208333333333334	0.5208333333333334	0.5208333333333334	0.5208333333333334	0.5208333333333334	0.5208333333333334	0.5208333333333334	0.5208333333333334	0.5208333333333334	0.5208333333333334	0.5208333333333334	0.5208333333333334	0.5208333333333334	0.5208333333333334	0.5208333333333334	0.5208333333333334	0.5208333333333334	0.5208333333333334	0.5208333333333334
	1	2	3	4	5	6	7	8	9	12	17	22	27	32	37	42	47	52	57	62	67	72	77	82	87	92	97	102	107	112	117	122	127	132	137	142	147	152	157	162	167	172	177	182	187	192	197	202	207	211
ExtNeg_20191028_MiFish_S57.2 - polyg	0.0	0.0	0.0	0.0	0.0	0.0	0.0	0.0	0.0	0.0	0.0	0.0	0.0	0.0	0.0	0.0	0.0	0.0	0.0	0.0	0.0	0.0	0.0	0.0	0.0	0.0	0.0	0.0	2.0	2.0	2.0	2.0	2.0	2.0	2.0	2.0	2.0	2.0	2.0	2.0	2.0	2.0	2.0	2.0	2.0	2.0	2.0	2.0	2.0	2.0
	1	2	3	4	5	6	7	8	9	12	17	22	27	32	37	42	47	52	57	62	67	72	77	82	87	92	97	102	107	112	117	122	127	132	137	142	147	152	157	162	167	172	177	182	187	192	197	202	207	212	217	222	225
GU190707-CTD13-310_MiFish_S31.2 - polyg	0.0	0.0	0.0	0.0	0.0	0.0	0.0	0.0	0.0	0.0	0.00036968713377868317	0.7010007430711389	1.7456626457029416	1.7456626457029416	1.7456626457029416	1.7456626457029416	1.746402019970499	1.7472153316648122	1.7478807685056137	1.7478807685056137	1.7478807685056137	1.7478807685056137	1.748324393066148	1.7489158924801942	1.7493595170407281	1.7493595170407281	1.7494334544674843	3.8058551048247873	13.261121113201899	13.393321232241155	13.394504231069245	13.394504231069245	13.394504231069245	13.394504231069245	13.394504231069245	13.394504231069245	13.394504231069245	13.394504231069245	13.394504231069245	13.394504231069245	13.39465210592276	13.40071497491673	13.40692571876421	13.40707359361772	13.40707359361772	13.40707359361772	13.40707359361772	13.40707359361772	13.40707359361772	13.40707359361772	13.40707359361772	13.40707359361772	13.40707359361772
	1	2	3	4	5	6	7	8	9	12	17	22	27	32	37	42	47	52	57	62	67	72	77	82	87	92	97	102	107	112	117	122	127	132	137	142	147	152	157	162	167	172	177	182	187	192	197	202	207	212	215
GU190708-CTD16-252_MiFish_S33.2 - polyg	0.0	0.0	0.0	0.0	0.0	0.0	0.0	0.0	0.0	0.0	0.0	0.13484538516012273	0.22474230860020458	0.22474230860020458	0.22474230860020458	0.22474230860020458	0.22474230860020458	0.22474230860020458	0.22474230860020458	0.22474230860020458	0.22474230860020458	0.22474230860020458	0.22474230860020458	0.22474230860020458	0.22474230860020458	0.22474230860020458	0.22474230860020458	0.24175780942639075	3.467227948697773	3.472932567471871	3.472932567471871	3.472932567471871	3.472932567471871	3.472932567471871	3.472932567471871	3.472932567471871	3.472932567471871	3.472932567471871	3.472932567471871	3.472932567471871	3.472932567471871	3.4755881658667085	3.4778503422771267	3.4778503422771267	3.4778503422771267	3.4778503422771267	3.4778503422771267	3.4778503422771267	3.4778503422771267	3.4778503422771267	3.4778503422771263
	1	2	3	4	5	6	7	8	9	12	17	22	27	32	37	42	47	52	57	62	67	72	77	82	87	92	97	102	107	112	117	122	127	132	137	142	147	152	157	162	167	172	177	182	187	192	197	202	207	212	217	222
GU190708-CTD17-171_MiFish_S34.2 - polyg	0.0	0.0	0.0	0.0	0.0	0.0	0.0	0.0	0.0	0.0	0.0	0.0	0.0	0.0	0.0	0.0	0.0	0.0	0.0	0.0	0.0	0.0	0.0	0.0	0.0	0.0	0.0	0.010860334937350887	6.099580028537264	6.107667512001248	6.1077830474793045	6.1077830474793045	6.1077830474793045	6.1077830474793045	6.1077830474793045	6.1077830474793045	6.1077830474793045	6.1077830474793045	6.1077830474793045	6.1077830474793045	6.1077830474793045	6.1092850086940444	6.111249111821013	6.111249111821013	6.111249111821013	6.111249111821013	6.111249111821013	6.111249111821013	6.111249111821013	6.111249111821013	6.111249111821013	6.111249111821013
	1	2	3	4	5	6	7	8	9	12	17	22	27	32	37	42	47	52	57	62	67	72	77	82	87	92	97	102	107	112	117	122	127	132	137	142	147	152	157	162	167	172	177	182	187	192	197	202	207	212	217	222	226
GU190709-CTD20-280_MiFish_S35.2 - polyg	0.0	0.0	0.0	0.0	0.0	0.0	0.0	0.0	0.0	0.0	0.0	0.0	0.0	0.0	0.0	0.0003177061615138699	0.0007942654037846747	0.0007942654037846747	0.0007942654037846747	0.0007942654037846747	0.0007942654037846747	0.0007942654037846747	0.0007942654037846747	0.0007942654037846747	0.0007942654037846747	0.0007942654037846747	0.0007942654037846747	1.6195865848573299	11.946704791406047	11.966084867258392	11.966402573419908	11.966402573419908	11.966402573419908	11.966402573419908	11.966402573419908	11.966402573419908	11.966402573419908	11.966402573419908	11.966402573419908	11.966402573419908	11.966402573419908	11.973789241675107	11.97871368717857	11.97871368717857	11.97871368717857	11.97871368717857	11.97871368717857	11.97871368717857	11.97871368717857	11.97871368717857	11.97871368717857	11.97871368717857	11.97871368717857
	1	2	3	4	5	6	7	8	9	12	17	22	27	32	37	42	47	52	57	62	67	72	77	82	87	92	97	102	107	112	117	122	127	132	137	142	147	152	157	162	167	172	177	182	187	192	197	202	207	212
GU190710-CTD23-190_MiFish_S37.2 - polyg	0.0	0.0	0.0	0.0	0.0	0.0	0.0	0.0	0.0	0.0	0.0	0.0	0.0	0.0	0.0	0.0	0.0	0.0	0.0	0.0	0.0	0.0	0.41179288178656465	1.0006039443815817	1.0010204577481898	1.0010204577481898	1.0010204577481898	1.0012981333259285	1.006573969302965	1.006573969302965	1.006573969302965	1.006573969302965	1.006573969302965	1.006573969302965	1.006573969302965	1.006573969302965	1.006573969302965	1.006573969302965	1.006573969302965	1.006573969302965	1.006573969302965	1.006573969302965	1.006573969302965	1.006573969302965	1.006573969302965	1.006573969302965	1.006573969302965	1.006573969302965	1.006573969302965	1.006573969302965
	1	2	3	4	5	6	7	8	9	12	17	22	27	32	37	42	47	52	57	62	67	72	77	82	87	92	97	102	107	112	117	122	127	132	137	142	147	152	157	162	167	172	177	182	187	192	197	202	207	212	216
GU190714-CTD26-260_MiFish_S39.2 - polyg	0.0	0.0	0.0	0.0	0.0	0.0	0.0	0.0	0.0	0.0	0.0	9.216173752310535	15.360905730129392	15.360905730129392	15.360905730129392	15.361367837338264	15.366173752310539	15.36645101663586	15.36645101663586	15.36645101663586	15.36645101663586	15.36645101663586	15.367005545286506	15.367375231053604	15.367375231053604	15.367375231053604	15.367375231053604	15.385304990757856	18.252957486136786	18.256007393715343	18.256007393715343	18.256007393715343	18.256007393715343	18.256007393715343	18.256007393715343	18.256007393715343	18.256007393715343	18.256007393715343	18.256007393715343	18.256007393715343	18.256007393715343	18.25776340110906	18.25924214417745	18.25924214417745	18.25924214417745	18.25924214417745	18.25924214417745	18.25924214417745	18.25924214417745	18.25924214417745	18.25924214417745
	1	2	3	4	5	6	7	8	9	12	17	22	27	32	37	42	47	52	57	62	67	72	77	82	87	92	97	102	107	112	117	122	127	132	137	142	147	152	157	162	167	172	177	182	187	192	197	202	207	212
GU190715-CTD28-310_MiFish_S40.2 - polyg	0.0	0.0	0.0	0.0	0.0	0.0	0.0	0.0	0.0	0.0	0.0	0.0001814346948495226	0.0004535867371238065	0.0004535867371238065	0.0004535867371238065	0.0004535867371238065	0.0004535867371238065	0.0004535867371238065	0.0004535867371238065	0.0004535867371238065	0.0004535867371238065	0.0004535867371238065	0.0004535867371238065	0.0004535867371238065	0.0004535867371238065	0.0004535867371238065	0.0004535867371238065	0.0015421949062209422	0.23178282267026512	0.23586510330437935	0.23586510330437935	0.23586510330437935	0.23586510330437935	0.23586510330437935	0.23586510330437935	0.23586510330437935	0.23586510330437935	0.23586510330437935	0.23586510330437935	0.23586510330437935	0.23586510330437935	0.23586510330437935	0.23586510330437935	0.23586510330437935	0.23586510330437935	0.23586510330437935	0.23586510330437935	0.23586510330437935	0.23586510330437935	0.23586510330437935
	1	2	3	4	5	6	7	8	9	12	17	22	27	32	37	42	47	52	57	62	67	72	77	82	87	92	97	102	107	112	117	122	127	132	137	142	147	152	157	162	167	172	177	182	187	192	197	202	207	212
GU190722-CTD33-205_MiFish_S42.2 - polyg	0.0	0.0	0.0	0.0	0.0	0.0	0.0	0.0	0.0	0.0	0.0	0.0	0.0	0.0	0.0	0.0	0.0	0.0	0.0	0.0	0.0	0.0	0.0	0.0	0.0	0.0	0.0	0.0020273580708561646	0.5346593756863453	0.536123578737519	0.536123578737519	0.536123578737519	0.536123578737519	0.536123578737519	0.536123578737519	0.536123578737519	0.536123578737519	0.536123578737519	0.536123578737519	0.536123578737519	0.536123578737519	0.5364614717493283	0.5366867337572013	0.5366867337572013	0.5366867337572013	0.5366867337572013	0.5366867337572013	0.5366867337572013	0.5366867337572013	0.5366867337572013
	1	2	3	4	5	6	7	8	9	12	17	22	27	32	37	42	47	52	57	62	67	72	77	82	87	92	97	102	107	112	117	122	127	132	137	142	147	152	157	162	167	172	177	182	187	192	197	202	207	212	217	222	225
GU190724-CTD36-310_MiFish_S43.2 - polyg	0.0	0.0	0.0	0.0	0.0	0.0	0.0	0.0	0.0	0.0	0.0	0.0	0.0	0.0	0.0	0.0002827414612078715	0.0007068536530196788	0.0007068536530196788	0.0007068536530196788	0.0007068536530196788	0.0007068536530196788	0.0007068536530196788	0.0007068536530196788	0.0007068536530196788	0.0007068536530196788	0.0007068536530196788	0.0007068536530196788	0.7942207645329111	6.4349129156299485	6.4472121691924915	6.4472121691924915	6.4472121691924915	6.4472121691924915	6.4472121691924915	6.4472121691924915	6.4472121691924915	6.4472121691924915	6.4472121691924915	6.4472121691924915	6.4472121691924915	6.4472121691924915	6.450605066726984	6.453573852069669	6.453573852069669	6.453573852069669	6.453573852069669	6.453573852069669	6.453573852069669	6.453573852069669	6.453573852069669	6.453573852069669	6.453573852069669	6.453573852069668
	1	2	3	4	5	6	7	8	9	12	17	22	27	32	37	42	47	52	57	62	67	72	77	82	87	92	97	102	107	112	117	122	127	132	137	142	147	152	157	162	167	172	177	182	187	192	197	202	207	212
GU190727-CTD40-210_MiFish_S44.2 - polyg	0.0	0.0	0.0	0.0	0.0	0.0	0.0	0.0	0.0	0.0	0.0	0.0	0.0	0.0	0.00018883868927065776	0.0004720967231766444	0.0004720967231766444	0.0004720967231766444	0.0004720967231766444	0.0004720967231766444	0.0004720967231766444	0.0004720967231766444	0.0004720967231766444	0.0004720967231766444	0.0004720967231766444	0.0004720967231766444	0.0006609354124473022	0.18657262499940988	0.46775343332341934	0.4678478526680546	0.4678478526680546	0.4678478526680546	0.4678478526680546	0.4678478526680546	0.4678478526680546	0.4678478526680546	0.4678478526680546	0.4678478526680546	0.4678478526680546	0.4678478526680546	0.4678478526680546	0.4678478526680546	0.4678478526680546	0.4678478526680546	0.4678478526680546	0.4678478526680546	0.4678478526680546	0.4678478526680546	0.4678478526680546	0.4678478526680546
	1	2	3	4	5	6	7	8	9	12	17	22	27	32	37	42	47	52	57	62	67	72	77	82	87	92	97	102	107	112	117	122	127	132	137	142	147	152	157	162	167	172	177	182	187	192	197	202	207	211
GU190727-CTD41B-145_MiFish_S45.2 - polyg	0.0	0.0	0.0	0.0	0.0	0.0	0.0	0.0	0.0	0.0	0.0	0.0	0.0	0.0	0.0	0.0	0.0	0.0	0.0	0.0	0.0	0.0	0.0002312419426635603	0.0005781048566589008	0.0005781048566589008	0.0005781048566589008	0.0005781048566589008	0.06902571988507275	0.7753542337509177	0.7758167176362448	0.7758167176362448	0.7758167176362448	0.7758167176362448	0.7758167176362448	0.7758167176362448	0.7758167176362448	0.7758167176362448	0.7758167176362448	0.7758167176362448	0.7758167176362448	0.7758167176362448	0.7758167176362448	0.7763948224929038	0.7763948224929038	0.7763948224929038	0.7763948224929038	0.7763948224929038	0.7763948224929038	0.7763948224929038	0.7763948224929038
	1	2	3	4	5	6	7	8	9	12	17	22	27	32	37	42	47	52	57	62	67	72	77	82	87	92	97	102	107	112	117	122	127	132	137	142	147	152	157	162	167	172	177	182	187	192	197	202	207	212	215
GU190728-CTD43-245_MiFish_S46.2 - polyg	0.0	0.0	0.0	0.0	0.0	0.0	0.0	0.0	0.0	0.0	0.0	0.0	0.0	0.0	0.0	0.0	0.0	0.0	0.0	0.0	0.0	0.0	0.0	0.0	0.0007456787914038149	0.0007456787914038149	0.0007456787914038149	1.259600614439324	11.08257646936006	11.094954737297362	11.094954737297362	11.094954737297362	11.094954737297362	11.094954737297362	11.094954737297362	11.094954737297362	11.094954737297362	11.094954737297362	11.094954737297362	11.094954737297362	11.094954737297362	11.099876217320627	11.103157204002803	11.103157204002803	11.103157204002803	11.103157204002803	11.103157204002803	11.103157204002803	11.103157204002803	11.103157204002803	11.103157204002803
	1	2	3	4	5	6	7	8	9	12	17	22	27	32	37	42	47	52	57	62	67	72	77	82	87	92	97	102	107	112	117	122	127	132	137	142	147	152	157	162	167	172	177	182	187	192	197	202	207	212	217	222	225
GU190728-CTD44B-125_MiFish_S47.2 - polyg	0.0	0.0	0.0	0.0	0.0	0.0	0.0	0.0	0.0	0.0	0.0	0.0039306410314002066	0.00673824176811464	0.00673824176811464	0.00673824176811464	0.006962849827051795	0.007299761915457527	0.007299761915457527	0.007299761915457527	0.007299761915457527	0.007299761915457527	0.007299761915457527	0.007299761915457527	0.007299761915457527	0.007299761915457527	0.007299761915457527	0.007299761915457527	0.2746956560801402	2.9512375904047436	2.954157495170927	2.954157495170927	2.954157495170927	2.954157495170927	2.954157495170927	2.954157495170927	2.954157495170927	2.954157495170927	2.954157495170927	2.954157495170927	2.954157495170927	2.954157495170927	2.955392839495081	2.9569650959076412	2.9569650959076412	2.9569650959076412	2.9569650959076412	2.9569650959076412	2.9569650959076412	2.9569650959076412	2.9569650959076412	2.9569650959076412	2.9569650959076412	2.9569650959076412
	1	2	3	4	5	6	7	8	9	12	17	22	27	32	37	42	47	52	57	62	67	72	77	82	87	92	97	102	107	112	117	122	127	132	137	142	147	152	157	162	167	172	177	182	187	192	197	202	207	212	217	222	226
GU190729-CTD46-240_MiFish_S48.2 - polyg	0.0	0.0	0.0	0.0	0.0	0.0	0.0	0.0	0.0	0.0	0.0	0.0	0.0	0.0	0.0	0.0	0.0	0.0	0.0	0.0	0.0	0.0	0.0	0.0	0.0	0.0	0.0	0.16553755084739458	9.837957626551448	9.862944426679357	9.8630931576325	9.8630931576325	9.8630931576325	9.8630931576325	9.8630931576325	9.8630931576325	9.8630931576325	9.8630931576325	9.8630931576325	9.8630931576325	9.863241888585643	9.870380974336474	9.876330212462166	9.876478943415309	9.876478943415309	9.876478943415309	9.876478943415309	9.876478943415309	9.876478943415309	9.876478943415309	9.876478943415309	9.876478943415309	9.876478943415309
	1	2	3	4	5	6	7	8	9	12	17	22	27	32	37	42	47	52	57	62	67	72	77	82	87	92	97	102	107	112	117	122	127	132	137	142	147	152	157	162	167	172	177	182	187	192	197	202	207	212
GU190729-CTD47-140_MiFish_S49.2 - polyg	0.0	0.0	0.0	0.0	0.0	0.0	0.0	0.0	0.0	0.0	0.0	0.0	0.0	0.0	0.0	0.0	0.0	0.0	0.0	0.0	0.0	0.0	0.0	0.0	0.0	0.0	0.0	0.0	0.048049782725709256	0.11421669664307939	0.11421669664307939	0.11421669664307939	0.11421669664307939	0.11421669664307939	0.11421669664307939	0.11421669664307939	0.11421669664307939	0.11421669664307939	0.11421669664307939	0.11421669664307939	0.11421669664307939	0.11421669664307939	0.11421669664307939	0.11421669664307939	0.11421669664307939	0.11421669664307939	0.11421669664307939	0.11421669664307939	0.11421669664307939	0.11421669664307939
	1	2	3	4	5	6	7	8	9	12	17	22	27	32	37	42	47	52	57	62	67	72	77	82	87	92	97	102	107	112	117	122	127	132	137	142	147	152	157	162	167	172	177	182	187	192	197	202	207	212	217	222	227	231
GU190731-CTD50-150_MiFish_S50.2 - polyg	0.0	0.0	0.0	0.0	0.0	0.0	0.0	0.0	0.0	0.0	0.0	0.0	0.0	0.0	0.0	0.0	0.0	0.0	0.0	0.0	0.0	0.0	0.0	0.0	0.0	0.0	0.0	0.2726239224732619	0.6842087835675104	0.6843191576251918	0.6843191576251918	0.6843191576251918	0.6843191576251918	0.6843191576251918	0.6843191576251918	0.6843191576251918	0.6843191576251918	0.6843191576251918	0.6843191576251918	0.6843191576251918	0.6843191576251918	0.6843191576251918	0.6843191576251918	0.6843191576251918	0.6843191576251918	0.6843191576251918	0.6843191576251918	0.6843191576251918	0.6843191576251918	0.6843191576251918	0.6843191576251918	0.6843191576251918	0.6843191576251918	0.6843191576251918
	1	2	3	4	5	6	7	8	9	12	17	22	27	32	37	42	47	52	57	62	67	72	77	82	87	92	97	102	107	112	117	122	127	132	137	142	147	152	157	162	167	172	177	182	187	192	197	202	207	212
PCRNeg_MiFish_S54.2 - polyg	0.0	0.0	0.0	0.0	0.0	0.0	0.0	0.0	0.0	0.0	0.0	0.0	0.0	0.0	0.0	0.0	0.0	0.0	0.0	0.0	0.0	0.0	0.0	0.0	0.0	0.0	0.0	0.16194331983805668	1.214574898785425	1.214574898785425	1.214574898785425	1.214574898785425	1.214574898785425	1.214574898785425	1.214574898785425	1.214574898785425	1.214574898785425	1.214574898785425	1.214574898785425	1.214574898785425	1.214574898785425	1.214574898785425	1.214574898785425	1.214574898785425	1.214574898785425	1.214574898785425	1.214574898785425	1.214574898785425	1.214574898785425	1.214574898785425

