	164	166	168	170	172	174	176	178	180	182	184	186	188	190	192	194	196	198	200	202	204	206	208	210	212	214	216	218	220	222	224
Control10_20190721_MiFish_S52.2	2.0	1.0	51.0	11.0	3.0	0.0	0.0	0.0	0.0	0.0	0.0	0.0	0.0	0.0	0.0	0.0	0.0	0.0	0.0	0.0	0.0	0.0	0.0	0.0	0.0	0.0	0.0	0.0	0.0	940.0	96.0
	166	168	170	172	174	176	178	180	182	184	186	188	190	192	194	196	198	200	202	204	206	208	210	212	214	216	218	220	222	224
Control12_20190731_MiFish_S53.2	1.0	47.0	2.0	0.0	0.0	0.0	0.0	0.0	0.0	0.0	0.0	0.0	0.0	0.0	0.0	0.0	0.0	0.0	0.0	0.0	0.0	0.0	0.0	0.0	0.0	0.0	0.0	0.0	31.0	1.0
	52	57	62	67	72	77	82	87	92	97	102	107	112	117	122	127	132	137	142	147	152	157	162	167	172	177	182	187	192	197	202	207	212	217	222
Control9_20190715_MiFish_S51.2	1.0	0.0	0.0	0.0	0.0	0.0	0.0	0.0	0.0	0.0	0.0	0.0	0.0	0.0	0.0	0.0	0.0	0.0	0.0	0.0	0.0	0.0	0.0	26.0	14.0	13.0	0.0	0.0	0.0	0.0	0.0	0.0	0.0	0.0	3520.0
	168	170	172	174	176	178	180	182	184	186	188	190	192	194	196	198	200	202	204	206	208	210	212	214	216	218	220	222	224
ExtNeg_20190910_MiFish_S55.2	44.0	5.0	2.0	2.0	7.0	1.0	0.0	0.0	0.0	0.0	0.0	0.0	0.0	0.0	0.0	0.0	0.0	0.0	0.0	0.0	0.0	0.0	0.0	0.0	0.0	0.0	0.0	111.0	6.0
	164	166	168	170	172	174	176	178	180	182	184	186	188	190	192	194	196	198	200	202	204	206	208	210	212	214	216	218	220	222	224
ExtNeg_20190918_MiFish_S56.2	2.0	0.0	57.0	4.0	9.0	2.0	8.0	1.0	0.0	0.0	0.0	0.0	0.0	0.0	0.0	0.0	0.0	0.0	0.0	0.0	0.0	0.0	0.0	0.0	0.0	0.0	0.0	0.0	2.0	100.0	7.0
	57	62	67	72	77	82	87	92	97	102	107	112	117	122	127	132	137	142	147	152	157	162	167	172	177	182	187	192	197	202	207	212	217	222
ExtNeg_20191028_MiFish_S57.2	1.0	0.0	0.0	0.0	0.0	0.0	0.0	0.0	0.0	0.0	0.0	0.0	0.0	0.0	0.0	0.0	0.0	0.0	0.0	0.0	0.0	0.0	22.0	3.0	6.0	0.0	0.0	0.0	0.0	0.0	0.0	0.0	0.0	18.0
	168	170	172	174	176	178	180	182	184	186	188	190	192	194	196	198	200	202	204	206	208	210	212	214	216	218	220	222	224
ExtNeg_20191031_MiFish_S58.2	13.0	3.0	0.0	0.0	2.0	0.0	0.0	0.0	0.0	0.0	0.0	0.0	0.0	0.0	0.0	0.0	0.0	0.0	0.0	0.0	0.0	0.0	0.0	0.0	0.0	0.0	0.0	4.0	3.0
	164	166	168	170	172	174	176	178	180	182	184	186	188	190	192	194	196	198	200	202	204	206	208	210	212	214	216	218	220	222	224
GU190706-CTD11-220_MiFish_S30.2	7.0	94.0	275814.0	212.0	5739.0	4469.0	79.0	1.0	0.0	0.0	0.0	0.0	1.0	1.0	32.0	4.0	0.0	0.0	0.0	0.0	0.0	0.0	0.0	0.0	0.0	0.0	0.0	64.0	27.0	6210.0	102.0
	107	112	117	122	127	132	137	142	147	152	157	162	167	172	177	182	187	192	197	202	207	212	217	222	227	232	236
GU190707-CTD13-310_MiFish_S31.2	7.0	0.0	0.0	0.0	0.0	0.0	0.0	0.0	1.0	0.0	0.0	0.0	42338.0	16275.0	123978.0	987.0	0.0	6.0	0.0	0.0	0.0	6.0	84.0	86790.0	26.0	0.0	1.0
	160	162	164	166	168	170	172	174	176	178	180	182	184	186	188	190	192	194	196	198	200	202	204	206	208	210	212	214	216	218	220	222	224
GU190707-CTD14-315_MiFish_S32.2	1.0	3.0	0.0	235.0	273467.0	58836.0	32853.0	418.0	2748.0	160.0	1.0	0.0	0.0	0.0	0.0	0.0	28.0	2.0	0.0	0.0	0.0	0.0	0.0	0.0	0.0	0.0	0.0	0.0	2.0	34.0	34.0	15414.0	340.0
	107	112	117	122	127	132	137	142	147	152	157	162	167	172	177	182	187	192	197	202	207	212	217	222	226
GU190708-CTD16-252_MiFish_S33.2	1.0	0.0	0.0	0.0	0.0	0.0	0.0	0.0	0.0	0.0	0.0	2.0	93717.0	64592.0	27914.0	333.0	0.0	18.0	0.0	0.0	0.0	1.0	46.0	16716.0	4.0
	112	117	122	127	132	137	142	147	152	157	162	167	172	177	182	187	192	197	202	207	212	217	222	227	232	235
GU190708-CTD17-171_MiFish_S34.2	1.0	0.0	0.0	0.0	0.0	0.0	0.0	0.0	0.0	0.0	0.0	108385.0	33445.0	13107.0	1142.0	1.0	18.0	0.0	0.0	0.0	2.0	14.0	16986.0	4.0	0.0	2.0
	146	148	150	152	154	156	158	160	162	164	166	168	170	172	174	176	178	180	182	184	186	188	190	192	194	196	198	200	202	204	206	208	210	212	214	216	218	220	222	224	226	228	230	232	234	236	238
GU190709-CTD20-280_MiFish_S35.2	1.0	0.0	0.0	0.0	0.0	0.0	0.0	0.0	0.0	97.0	102.0	32860.0	20902.0	3593.0	24987.0	91620.0	18921.0	1177.0	33.0	2.0	0.0	0.0	0.0	30.0	0.0	0.0	0.0	0.0	0.0	0.0	0.0	0.0	0.0	2.0	1.0	2.0	43.0	119.0	56952.0	352.0	5.0	1.0	0.0	0.0	0.0	1.0	2.0
	102	107	112	117	122	127	132	137	142	147	152	157	162	167	172	177	182	187	192	197	202	207	212	217	222	226
GU190710-CTD22-245_MiFish_S36.2	2.0	0.0	0.0	0.0	0.0	0.0	0.0	0.0	0.0	0.0	0.0	0.0	0.0	168195.0	59329.0	3624.0	4.0	0.0	24.0	0.0	0.0	0.0	0.0	24.0	6036.0	2.0
	107	112	117	122	127	132	137	142	147	152	157	162	167	172	177	182	187	192	197	202	207	212	217	222	225
GU190710-CTD23-190_MiFish_S37.2	1.0	3.0	0.0	0.0	0.0	0.0	0.0	0.0	0.0	0.0	0.0	5.0	128489.0	2990.0	54.0	0.0	0.0	14.0	5.0	0.0	0.0	0.0	17.0	12471.0	4.0
	162	164	166	168	170	172	174	176	178	180	182	184	186	188	190	192	194	196	198	200	202	204	206	208	210	212	214	216	218	220	222	224	226
GU190714-CTD25-185_MiFish_S38.2	1.0	15196.0	4148.0	232983.0	9794.0	5935.0	2694.0	3960.0	74.0	0.0	0.0	0.0	0.0	0.0	0.0	21.0	1.0	0.0	0.0	0.0	0.0	0.0	0.0	0.0	0.0	0.0	0.0	0.0	36.0	26.0	6848.0	66.0	3.0
	92	97	102	107	112	117	122	127	132	137	142	147	152	157	162	167	172	177	182	187	192	197	202	207	212	217	222	227
GU190714-CTD26-260_MiFish_S39.2	1.0	1.0	0.0	3.0	0.0	0.0	0.0	0.0	0.0	0.0	0.0	0.0	0.0	0.0	0.0	77489.0	55125.0	24277.0	272.0	1.0	9.0	1.0	1.0	1.0	0.0	52.0	59143.0	24.0
	107	112	117	122	127	132	137	142	147	152	157	162	167	172	177	182	187	192	197	202	207	212	217	222	225
GU190715-CTD28-310_MiFish_S40.2	1.0	0.0	0.0	0.0	0.0	0.0	0.0	3.0	0.0	0.0	0.0	0.0	93999.0	105473.0	8653.0	15.0	0.0	20.0	1.0	0.0	0.0	0.0	11.0	12286.0	3.0
	162	164	166	168	170	172	174	176	178	180	182	184	186	188	190	192	194	196	198	200	202	204	206	208	210	212	214	216	218	220	222	224
GU190721-CTD31-205_MiFish_S41.2	3.0	7.0	4677.0	109391.0	11910.0	5712.0	346.0	6673.0	117.0	1.0	0.0	0.0	0.0	0.0	0.0	11.0	1.0	0.0	0.0	0.0	0.0	0.0	0.0	0.0	0.0	0.0	0.0	0.0	4.0	20.0	4301.0	42.0
	164	166	168	170	172	174	176	178	180	182	184	186	188	190	192	194	196	198	200	202	204	206	208	210	212	214	216	218	220	222	224
GU190722-CTD33-205_MiFish_S42.2	1.0	5084.0	157353.0	6740.0	3970.0	2.0	40.0	246.0	118.0	0.0	0.0	0.0	0.0	0.0	20.0	2.0	1.0	0.0	0.0	0.0	0.0	0.0	0.0	0.0	0.0	0.0	0.0	1.0	12.0	3915.0	66.0
	150	152	154	156	158	160	162	164	166	168	170	172	174	176	178	180	182	184	186	188	190	192	194	196	198	200	202	204	206	208	210	212	214	216	218	220	222	224	226	228	230	232	234	236
GU190724-CTD36-310_MiFish_S43.2	1.0	0.0	0.0	0.0	0.0	0.0	0.0	1577.0	8938.0	49897.0	12313.0	8696.0	8827.0	22427.0	8834.0	454.0	7.0	0.0	0.0	0.0	0.0	15.0	2.0	0.0	0.0	0.0	0.0	0.0	0.0	0.0	0.0	0.0	0.0	2.0	14.0	49.0	19236.0	180.0	2.0	0.0	0.0	0.0	0.0	1.0
	102	107	112	117	122	127	132	137	142	147	152	157	162	167	172	177	182	187	192	197	202	207	212	217	222	225
GU190727-CTD40-210_MiFish_S44.2	882.0	0.0	0.0	0.0	0.0	0.0	0.0	0.0	0.0	0.0	0.0	0.0	10.0	195171.0	10693.0	252.0	3.0	0.0	30.0	0.0	0.0	0.0	0.0	19.0	4759.0	2.0
	164	166	168	170	172	174	176	178	180	182	184	186	188	190	192	194	196	198	200	202	204	206	208	210	212	214	216	218	220	222	224
GU190727-CTD41B-145_MiFish_S45.2	1.0	1046.0	160290.0	4894.0	86.0	407.0	973.0	1093.0	52.0	0.0	0.0	0.0	0.0	0.0	21.0	0.0	0.0	0.0	0.0	0.0	0.0	0.0	0.0	0.0	0.0	0.0	0.0	7.0	51.0	4023.0	35.0
	102	107	112	117	122	127	132	137	142	147	152	157	162	167	172	177	182	187	192	197	202	207	212	217	222	226
GU190728-CTD43-245_MiFish_S46.2	1.0	0.0	0.0	0.0	0.0	0.0	0.0	0.0	0.0	0.0	0.0	0.0	0.0	38660.0	12951.0	55637.0	963.0	0.0	19.0	0.0	2.0	0.0	0.0	17.0	25851.0	5.0
	57	62	67	72	77	82	87	92	97	102	107	112	117	122	127	132	137	142	147	152	157	162	167	172	177	182	187	192	197	202	207	212	217	222	227	232	236
GU190728-CTD44B-125_MiFish_S47.2	3.0	0.0	0.0	0.0	0.0	0.0	0.0	0.0	0.0	0.0	1.0	0.0	0.0	0.0	0.0	0.0	0.0	0.0	0.0	0.0	0.0	0.0	123880.0	11346.0	24726.0	311.0	0.0	3.0	0.0	1.0	0.0	0.0	6.0	17804.0	6.0	0.0	1.0
	164	166	168	170	172	174	176	178	180	182	184	186	188	190	192	194	196	198	200	202	204	206	208	210	212	214	216	218	220	222	224	226	228	230	232	234	236	238
GU190729-CTD46-240_MiFish_S48.2	1.0	21.0	18615.0	12863.0	7051.0	11802.0	41514.0	9988.0	537.0	33.0	1.0	1.0	0.0	0.0	17.0	1.0	0.0	1.0	0.0	0.0	0.0	0.0	0.0	0.0	0.0	0.0	1.0	31.0	35.0	31791.0	164.0	2.0	0.0	0.0	0.0	0.0	0.0	1.0
	162	164	166	168	170	172	174	176	178	180	182	184	186	188	190	192	194	196	198	200	202	204	206	208	210	212	214	216	218	220	222	224
GU190729-CTD47-140_MiFish_S49.2	6.0	9189.0	302.0	104350.0	31153.0	170.0	0.0	0.0	0.0	5.0	350.0	1408.0	3.0	1.0	0.0	22.0	19.0	0.0	0.0	0.0	0.0	0.0	0.0	0.0	0.0	0.0	0.0	0.0	14.0	7.0	5282.0	61.0
	164	166	168	170	172	174	176	178	180	182	184	186	188	190	192	194	196	198	200	202	204	206	208	210	212	214	216	218	220	222	224	226	228	230	232	234	236	238	240	242
GU190731-CTD50-150_MiFish_S50.2	3801.0	223.0	148435.0	17072.0	216.0	64.0	5741.0	360.0	33.0	1.0	0.0	0.0	1.0	0.0	43.0	28.0	1.0	0.0	0.0	0.0	0.0	0.0	0.0	0.0	0.0	0.0	0.0	9.0	9.0	5067.0	95.0	2.0	0.0	0.0	0.0	0.0	0.0	0.0	0.0	1.0
	164	166	168	170	172	174	176	178	180	182	184	186	188	190	192	194	196	198	200	202	204	206	208	210	212	214	216	218	220	222	224
PCRNeg_MiFish_S54.2	2.0	1.0	105.0	7.0	3.0	3.0	5.0	2.0	0.0	0.0	0.0	0.0	0.0	0.0	0.0	0.0	0.0	0.0	0.0	0.0	0.0	0.0	0.0	0.0	0.0	0.0	0.0	0.0	2.0	106.0	11.0

