	18.0	19.0	20.0	21.0	22.0	23.0	24.0	25.0	26.0	27.0	28.0	29.0	30.0	31.0	32.0	33.0	34.0	35.0	36.0	37.0	38.0
Control10_20190721_MiFish_S52.2	1.0	5.0	12.0	12.0	15.0	10.0	13.0	14.0	11.0	7.0	15.0	17.0	22.0	21.0	31.0	40.0	85.0	133.0	256.0	367.0	17.0
	18.0	19.0	20.0	21.0	22.0	23.0	24.0	25.0	26.0	27.0	28.0	29.0	30.0	31.0	32.0	33.0	34.0	35.0	36.0	37.0	38.0
Control12_20190731_MiFish_S53.2	5.0	5.0	5.0	7.0	3.0	2.0	6.0	3.0	3.0	2.0	1.0	0.0	2.0	4.0	4.0	4.0	2.0	4.0	2.0	3.0	15.0
	17.0	18.0	19.0	20.0	21.0	22.0	23.0	24.0	25.0	26.0	27.0	28.0	29.0	30.0	31.0	32.0	33.0	34.0	35.0	36.0	37.0	38.0
Control9_20190715_MiFish_S51.2	1.0	4.0	9.0	12.0	15.0	19.0	27.0	27.0	22.0	26.0	32.0	33.0	51.0	50.0	48.0	90.0	116.0	202.0	332.0	744.0	1538.0	176.0
	16.0	17.0	18.0	19.0	20.0	21.0	22.0	23.0	24.0	25.0	26.0	27.0	28.0	29.0	30.0	31.0	32.0	33.0	34.0	35.0	36.0	37.0
ExtNeg_20190910_MiFish_S55.2	1.0	4.0	6.0	15.0	22.0	21.0	17.0	17.0	13.0	10.0	10.0	5.0	4.0	0.0	5.0	5.0	5.0	4.0	1.0	4.0	5.0	4.0
	17.0	18.0	19.0	20.0	21.0	22.0	23.0	24.0	25.0	26.0	27.0	28.0	29.0	30.0	31.0	32.0	33.0	34.0	35.0	36.0	37.0	38.0
ExtNeg_20190918_MiFish_S56.2	1.0	8.0	11.0	10.0	29.0	10.0	20.0	9.0	11.0	8.0	10.0	10.0	9.0	5.0	2.0	7.0	9.0	9.0	5.0	5.0	1.0	3.0
	20.0	21.0	22.0	23.0	24.0	25.0	26.0	27.0	28.0	29.0	30.0	31.0	32.0	33.0	34.0	35.0	36.0	37.0	38.0
ExtNeg_20191028_MiFish_S57.2	5.0	4.0	4.0	3.0	6.0	2.0	2.0	2.0	0.0	1.0	2.0	0.0	0.0	1.0	1.0	2.0	2.0	6.0	7.0
	20.0	21.0	22.0	23.0	24.0	25.0	26.0	27.0	28.0	29.0	30.0	31.0	32.0	33.0	34.0	35.0	36.0	37.0	38.0
ExtNeg_20191031_MiFish_S58.2	2.0	3.0	2.0	0.0	1.0	0.0	1.0	2.0	0.0	1.0	0.0	0.0	0.0	0.0	1.0	1.0	1.0	6.0	4.0
	16.0	17.0	18.0	19.0	20.0	21.0	22.0	23.0	24.0	25.0	26.0	27.0	28.0	29.0	30.0	31.0	32.0	33.0	34.0	35.0	36.0	37.0	38.0
GU190706-CTD11-220_MiFish_S30.2	1.0	12.0	44.0	131.0	289.0	587.0	936.0	1015.0	1050.0	1237.0	1396.0	1718.0	2052.0	2328.0	2757.0	3450.0	4467.0	5934.0	8970.0	14698.0	27600.0	70039.0	142145.0
	14.0	15.0	16.0	17.0	18.0	19.0	20.0	21.0	22.0	23.0	24.0	25.0	26.0	27.0	28.0	29.0	30.0	31.0	32.0	33.0	34.0	35.0	36.0	37.0	38.0
GU190707-CTD13-310_MiFish_S31.2	1.0	114.0	1477.0	3146.0	3294.0	3246.0	4469.0	5402.0	6284.0	6748.0	8054.0	9379.0	12180.0	14530.0	11614.0	8931.0	9772.0	11693.0	13916.0	16056.0	19510.0	23943.0	33569.0	37071.0	6100.0
	15.0	16.0	17.0	18.0	19.0	20.0	21.0	22.0	23.0	24.0	25.0	26.0	27.0	28.0	29.0	30.0	31.0	32.0	33.0	34.0	35.0	36.0	37.0	38.0
GU190707-CTD14-315_MiFish_S32.2	2.0	3.0	24.0	99.0	381.0	847.0	1319.0	1734.0	2162.0	2542.0	2967.0	3258.0	3571.0	4593.0	5433.0	6625.0	8051.0	10059.0	13388.0	18754.0	28942.0	49628.0	109183.0	111011.0
	16.0	17.0	18.0	19.0	20.0	21.0	22.0	23.0	24.0	25.0	26.0	27.0	28.0	29.0	30.0	31.0	32.0	33.0	34.0	35.0	36.0	37.0	38.0
GU190708-CTD16-252_MiFish_S33.2	3.0	21.0	56.0	211.0	550.0	958.0	1206.0	1385.0	1600.0	1898.0	2216.0	3553.0	3872.0	3369.0	3478.0	4247.0	5440.0	6860.0	9264.0	14030.0	25403.0	57544.0	56180.0
	16.0	17.0	18.0	19.0	20.0	21.0	22.0	23.0	24.0	25.0	26.0	27.0	28.0	29.0	30.0	31.0	32.0	33.0	34.0	35.0	36.0	37.0	38.0
GU190708-CTD17-171_MiFish_S34.2	3.0	15.0	45.0	129.0	389.0	724.0	1044.0	1143.0	1239.0	1488.0	2150.0	4383.0	4954.0	2774.0	2472.0	3000.0	3654.0	4468.0	5869.0	8702.0	15571.0	38465.0	70426.0
	16.0	17.0	18.0	19.0	20.0	21.0	22.0	23.0	24.0	25.0	26.0	27.0	28.0	29.0	30.0	31.0	32.0	33.0	34.0	35.0	36.0	37.0	38.0
GU190709-CTD20-280_MiFish_S35.2	1.0	21.0	85.0	345.0	1108.0	1740.0	2317.0	2945.0	3672.0	4590.0	6837.0	13525.0	13432.0	7856.0	7033.0	8399.0	10723.0	13183.0	17044.0	23379.0	36524.0	60747.0	16299.0
	16.0	17.0	18.0	19.0	20.0	21.0	22.0	23.0	24.0	25.0	26.0	27.0	28.0	29.0	30.0	31.0	32.0	33.0	34.0	35.0	36.0	37.0	38.0
GU190710-CTD22-245_MiFish_S36.2	1.0	11.0	42.0	124.0	286.0	567.0	888.0	1011.0	1083.0	1189.0	1402.0	1743.0	1966.0	2300.0	2715.0	3634.0	4337.0	5866.0	8281.0	13202.0	24364.0	61014.0	101214.0
	17.0	18.0	19.0	20.0	21.0	22.0	23.0	24.0	25.0	26.0	27.0	28.0	29.0	30.0	31.0	32.0	33.0	34.0	35.0	36.0	37.0	38.0
GU190710-CTD23-190_MiFish_S37.2	26.0	121.0	429.0	1258.0	1932.0	1938.0	1772.0	1936.0	2107.0	1925.0	2001.0	2231.0	2416.0	2922.0	3500.0	4267.0	5425.0	7223.0	10322.0	15606.0	25504.0	49192.0
	16.0	17.0	18.0	19.0	20.0	21.0	22.0	23.0	24.0	25.0	26.0	27.0	28.0	29.0	30.0	31.0	32.0	33.0	34.0	35.0	36.0	37.0	38.0
GU190714-CTD25-185_MiFish_S38.2	2.0	24.0	49.0	177.0	401.0	634.0	920.0	1049.0	1107.0	1184.0	1372.0	1779.0	2050.0	2415.0	3150.0	4084.0	4980.0	6584.0	9296.0	15247.0	28826.0	72906.0	123550.0
	16.0	17.0	18.0	19.0	20.0	21.0	22.0	23.0	24.0	25.0	26.0	27.0	28.0	29.0	30.0	31.0	32.0	33.0	34.0	35.0	36.0	37.0	38.0
GU190714-CTD26-260_MiFish_S39.2	46.0	720.0	3254.0	6853.0	8846.0	9620.0	7450.0	6646.0	6271.0	6194.0	6540.0	7592.0	7308.0	6462.0	6528.0	7268.0	8052.0	9308.0	10999.0	14292.0	20232.0	33438.0	22481.0
	16.0	17.0	18.0	19.0	20.0	21.0	22.0	23.0	24.0	25.0	26.0	27.0	28.0	29.0	30.0	31.0	32.0	33.0	34.0	35.0	36.0	37.0	38.0
GU190715-CTD28-310_MiFish_S40.2	4.0	16.0	65.0	199.0	538.0	961.0	1242.0	1418.0	1664.0	1841.0	2305.0	2693.0	2867.0	3372.0	4004.0	5029.0	6255.0	8320.0	11824.0	18239.0	32265.0	71404.0	43940.0
	17.0	18.0	19.0	20.0	21.0	22.0	23.0	24.0	25.0	26.0	27.0	28.0	29.0	30.0	31.0	32.0	33.0	34.0	35.0	36.0	37.0	38.0
GU190721-CTD31-205_MiFish_S41.2	10.0	34.0	61.0	199.0	363.0	489.0	550.0	634.0	715.0	914.0	1125.0	1203.0	1362.0	1594.0	1987.0	2773.0	3795.0	5621.0	9219.0	17071.0	37716.0	55781.0
	15.0	16.0	17.0	18.0	19.0	20.0	21.0	22.0	23.0	24.0	25.0	26.0	27.0	28.0	29.0	30.0	31.0	32.0	33.0	34.0	35.0	36.0	37.0	38.0
GU190722-CTD33-205_MiFish_S42.2	1.0	3.0	7.0	34.0	65.0	168.0	357.0	451.0	520.0	659.0	726.0	889.0	1137.0	1288.0	1430.0	1534.0	1964.0	2632.0	3395.0	5021.0	8214.0	16244.0	44093.0	86739.0
	16.0	17.0	18.0	19.0	20.0	21.0	22.0	23.0	24.0	25.0	26.0	27.0	28.0	29.0	30.0	31.0	32.0	33.0	34.0	35.0	36.0	37.0	38.0
GU190724-CTD36-310_MiFish_S43.2	1.0	13.0	36.0	137.0	426.0	707.0	937.0	1207.0	1399.0	1763.0	2558.0	4557.0	4634.0	3412.0	3277.0	4011.0	5230.0	6404.0	8276.0	11951.0	19718.0	36684.0	24134.0
	16.0	17.0	18.0	19.0	20.0	21.0	22.0	23.0	24.0	25.0	26.0	27.0	28.0	29.0	30.0	31.0	32.0	33.0	34.0	35.0	36.0	37.0	38.0
GU190727-CTD40-210_MiFish_S44.2	1.0	7.0	34.0	89.0	214.0	452.0	584.0	636.0	871.0	968.0	1251.0	1600.0	1835.0	2083.0	2495.0	2988.0	3984.0	5399.0	7835.0	12349.0	22769.0	53375.0	90002.0
	16.0	17.0	18.0	19.0	20.0	21.0	22.0	23.0	24.0	25.0	26.0	27.0	28.0	29.0	30.0	31.0	32.0	33.0	34.0	35.0	36.0	37.0	38.0
GU190727-CTD41B-145_MiFish_S45.2	1.0	5.0	21.0	67.0	177.0	316.0	439.0	485.0	561.0	724.0	823.0	1208.0	1459.0	1465.0	1686.0	2121.0	2760.0	3761.0	5173.0	8210.0	15355.0	38236.0	87926.0
	16.0	17.0	18.0	19.0	20.0	21.0	22.0	23.0	24.0	25.0	26.0	27.0	28.0	29.0	30.0	31.0	32.0	33.0	34.0	35.0	36.0	37.0	38.0
GU190728-CTD43-245_MiFish_S46.2	1.0	13.0	64.0	211.0	603.0	858.0	1031.0	1330.0	1655.0	2121.0	3376.0	6235.0	5943.0	3690.0	3425.0	4286.0	5322.0	6696.0	8182.0	11348.0	18001.0	29896.0	19819.0
	16.0	17.0	18.0	19.0	20.0	21.0	22.0	23.0	24.0	25.0	26.0	27.0	28.0	29.0	30.0	31.0	32.0	33.0	34.0	35.0	36.0	37.0	38.0
GU190728-CTD44B-125_MiFish_S47.2	4.0	25.0	71.0	293.0	815.0	1306.0	1686.0	1752.0	2132.0	2548.0	3296.0	4219.0	4157.0	3891.0	4656.0	5599.0	6816.0	8622.0	11166.0	15614.0	23315.0	38448.0	37657.0
	16.0	17.0	18.0	19.0	20.0	21.0	22.0	23.0	24.0	25.0	26.0	27.0	28.0	29.0	30.0	31.0	32.0	33.0	34.0	35.0	36.0	37.0	38.0
GU190729-CTD46-240_MiFish_S48.2	4.0	19.0	65.0	240.0	751.0	1176.0	1536.0	2005.0	2401.0	3197.0	4709.0	7841.0	6667.0	4416.0	4505.0	5603.0	7080.0	8450.0	10400.0	13545.0	18797.0	22291.0	8773.0
	16.0	17.0	18.0	19.0	20.0	21.0	22.0	23.0	24.0	25.0	26.0	27.0	28.0	29.0	30.0	31.0	32.0	33.0	34.0	35.0	36.0	37.0	38.0
GU190729-CTD47-140_MiFish_S49.2	1.0	7.0	29.0	77.0	201.0	433.0	568.0	710.0	832.0	942.0	1062.0	1260.0	1505.0	1853.0	1949.0	2667.0	3341.0	4545.0	6473.0	10276.0	19357.0	47890.0	46364.0
	16.0	17.0	18.0	19.0	20.0	21.0	22.0	23.0	24.0	25.0	26.0	27.0	28.0	29.0	30.0	31.0	32.0	33.0	34.0	35.0	36.0	37.0	38.0
GU190731-CTD50-150_MiFish_S50.2	1.0	8.0	45.0	110.0	235.0	425.0	569.0	641.0	711.0	830.0	1010.0	1391.0	1566.0	1526.0	1735.0	2127.0	2780.0	3808.0	5478.0	8997.0	17612.0	44308.0	85289.0
	17.0	18.0	19.0	20.0	21.0	22.0	23.0	24.0	25.0	26.0	27.0	28.0	29.0	30.0	31.0	32.0	33.0	34.0	35.0	36.0	37.0	38.0
PCRNeg_MiFish_S54.2	4.0	4.0	12.0	24.0	14.0	24.0	15.0	18.0	12.0	12.0	4.0	10.0	13.0	8.0	6.0	7.0	5.0	6.0	11.0	11.0	15.0	12.0

