	1	2	3	4	5	6	7	8	9	12	17	22	27	32	37	42	47	52	57	62	67	72	77	82	87	92	97	102	107	112	117	122	127	132	137	142	147	152	157	162	167	172	177	182	187	192	197	202	207	212	217	222
Control10_20190721_MiFish_S52.2	37.52989130434783	37.61594202898551	37.43659420289855	38.15942028985507	36.70652173913044	36.61413043478261	35.33786231884058	34.53894927536232	34.91757246376812	36.91177536231884	36.1268115942029	36.8161231884058	35.076086956521735	36.01539855072464	36.02536231884058	35.555615942028986	36.24873188405797	36.115760869565214	36.137681159420296	35.21594202898551	36.192572463768116	35.78188405797102	36.61050724637681	35.11829710144927	36.72735507246377	35.764673913043474	36.306340579710145	37.037862318840574	35.842210144927535	36.19076086956522	36.45923913043479	36.715398550724636	35.648007246376814	35.04510869565217	35.65253623188406	35.01159420289855	34.9302536231884	35.21177536231884	29.490942028985508	30.576268115942025	33.710997721550214	33.765521539004915	34.10135135135135	30.814478764478764	34.41061776061776	33.38416988416988	32.68648648648649	30.80250965250965	32.43223938223939	28.750386100386102	31.445945945945947	31.088137815346556
	1	2	3	4	5	6	7	8	9	12	17	22	27	32	37	42	47	52	57	62	67	72	77	82	87	92	97	102	107	112	117	122	127	132	137	142	147	152	157	162	167	172	177	182	187	192	197	202	207	212	217	222
Control12_20190731_MiFish_S53.2	33.81707317073171	32.8780487804878	34.91463414634146	36.08536585365854	33.9390243902439	34.90243902439025	33.31707317073171	30.74390243902439	31.73170731707317	33.224390243902434	31.73414634146342	31.39024390243902	28.74390243902439	29.917073170731705	29.678048780487806	32.31463414634147	30.38048780487805	30.297560975609752	29.65609756097561	30.309756097560978	28.66829268292683	28.541463414634144	30.29268292682927	28.35609756097561	28.021951219512193	28.71219512195122	30.590243902439028	31.78536585365854	30.365853658536583	28.7219512195122	29.28292682926829	29.21219512195122	29.70731707317073	28.20243902439024	27.67073170731707	27.77560975609756	27.5780487804878	27.88780487804878	26.039024390243902	25.43170731707317	24.90804889483494	17.194529857397505	17.2125	21.29375	18.01875	17.4625	18.03125	16.58125	16.81875	16.2125	16.09375	15.582142857142856
	1	2	3	4	5	6	7	8	9	12	17	22	27	32	37	42	47	52	57	62	67	72	77	82	87	92	97	102	107	112	117	122	127	132	137	142	147	152	157	162	167	172	177	182	187	192	197	202	207	212	217	222
Control9_20190715_MiFish_S51.2	37.18914381645215	38.05484051482932	36.481813094571905	37.80106323447118	38.27364297705652	37.66200335758254	35.78259653049804	36.82344711807499	36.54252937884723	37.15847789591494	36.83905987688864	36.41734750979295	35.511751538892	36.84124230554001	36.489815332960276	35.790934527140465	36.766200335758256	37.18656966983771	36.27013713965855	36.8484746711447	37.78415897005317	36.903330534564795	37.80811642877134	36.15113350125945	36.90439406661069	36.10926392387349	37.71575706689057	36.989476630282674	37.130702490904	37.28463476070529	37.94805485586342	36.242485306465156	36.32488105233697	36.927343968653794	36.92499300307865	36.094430450601735	35.86879373075847	35.25692695214106	32.10159529806885	33.411027148054856	34.566889929250216	36.236956673805224	35.309264500320246	33.82471590909091	34.10573863636364	33.938977272727264	33.23494318181818	32.38784090909091	33.656704545454545	28.61869318181818	31.76602272727273	32.845298695384706
	1	2	3	4	5	6	7	8	9	12	17	22	27	32	37	42	47	52	57	62	67	72	77	82	87	92	97	102	107	112	117	122	127	132	137	142	147	152	157	162	167	172	177	182	187	192	197	202	207	212	217	222
ExtNeg_20190910_MiFish_S55.2	34.62359550561798	27.03370786516854	31.674157303370787	34.93258426966292	30.365168539325843	33.79213483146067	33.21910112359551	26.43258426966292	32.88202247191011	31.577528089887636	30.093258426966294	29.206741573033707	25.230337078651683	27.065168539325846	27.197752808988763	29.8561797752809	27.092134831460676	26.8876404494382	25.96966292134831	27.308988764044944	24.570786516853936	24.756179775280902	26.135955056179778	24.642696629213482	25.231460674157308	25.617977528089888	26.7314606741573	27.282022471910114	24.68089887640449	24.629213483146067	23.640449438202246	24.410112359550563	24.395505617977527	21.543820224719102	22.312359550561798	21.924719101123596	21.635955056179775	21.789887640449436	21.186516853932584	21.191011235955056	19.60525231035171	17.424833859534875	16.83416686899873	19.017094017094017	18.112820512820512	17.670085470085468	17.695726495726497	17.100854700854704	17.04102564102564	17.398290598290597	16.687179487179485	15.91965811965812
	1	2	3	4	5	6	7	8	9	12	17	22	27	32	37	42	47	52	57	62	67	72	77	82	87	92	97	102	107	112	117	122	127	132	137	142	147	152	157	162	167	172	177	182	187	192	197	202	207	212	217	222
ExtNeg_20190918_MiFish_S56.2	34.973958333333336	27.989583333333332	31.895833333333332	35.125	28.317708333333332	32.932291666666664	32.786458333333336	27.0625	31.109375	31.81666666666667	30.2875	29.98125	26.725	28.161458333333332	28.286458333333332	30.864583333333336	28.075	27.62291666666666	26.616666666666664	27.95	25.684375	25.965625	27.180208333333336	26.403125	26.211458333333333	27.14479166666667	27.56145833333333	28.86041666666667	27.40520833333333	27.197916666666664	27.534375	26.22083333333333	26.51770833333334	23.9625	24.22083333333333	24.557291666666664	24.745833333333334	24.059375	23.25416666666667	22.077083333333334	21.733108741681793	18.771472643675526	17.013788451401304	19.34862385321101	18.21834862385321	17.581651376146787	17.71192660550459	17.823853211009173	17.322935779816515	17.620183486238535	16.159633027522936	16.641672688967553
	1	2	3	4	5	6	7	8	9	12	17	22	27	32	37	42	47	52	57	62	67	72	77	82	87	92	97	102	107	112	117	122	127	132	137	142	147	152	157	162	167	172	177	182	187	192	197	202	207	212	217	222
ExtNeg_20191028_MiFish_S57.2	28.68	28.36	27.78	28.28	28.4	27.96	32.08	30.28	27.46	29.839999999999996	30.556	28.412	29.248	29.46	29.583999999999996	29.476	29.496	29.392000000000003	29.447755102040816	28.244897959183675	27.416326530612245	30.28163265306123	29.738775510204086	29.61632653061224	30.379591836734694	30.285714285714285	30.79183673469388	29.2204081632653	28.432653061224492	30.159183673469386	31.69387755102041	31.632653061224495	31.069387755102042	30.46122448979592	29.138775510204084	29.142857142857146	29.669387755102044	27.88571428571429	27.040816326530614	26.183673469387752	26.256808642218978	20.727777777777778	18.39385964912281	20.344444444444445	19.299999999999997	18.633333333333333	18.377777777777776	19.022222222222222	16.766666666666666	17.733333333333338	17.43333333333333	17.55294117647059
	1	2	3	4	5	6	7	8	9	12	17	22	27	32	37	42	47	52	57	62	67	72	77	82	87	92	97	102	107	112	117	122	127	132	137	142	147	152	157	162	167	172	177	182	187	192	197	202	207	212	217	222
ExtNeg_20191031_MiFish_S58.2	31.64	31.12	31.32	31.48	30.76	31.6	32.68	30.12	30.64	32.168	32.536	30.784000000000002	31.136000000000003	32.352	31.544	33.048	30.04	32.272	31.903999999999996	30.448	30.32	30.96	31.232000000000006	30.304000000000002	28.984	29.784	32.928	29.424	29.856	30.440000000000005	33.504	33.55200000000001	32.32	30.936	31.368000000000002	31.896000000000004	31.360000000000003	30.464	30.52	27.727999999999998	27.976	21.288888888888888	18.8	19.228571428571428	20.057142857142857	22.82857142857143	18.457142857142856	18.485714285714288	19.97142857142857	18.34285714285714	15.97142857142857	16.476190476190474
	1	2	3	4	5	6	7	8	9	12	17	22	27	32	37	42	47	52	57	62	67	72	77	82	87	92	97	102	107	112	117	122	127	132	137	142	147	152	157	162	167	172	177	182	187	192	197	202	207	212	217	222	225
GU190706-CTD11-220_MiFish_S30.2	38.275312781708415	38.147492282896714	38.59102084300817	38.791266014696646	38.16573674433852	38.627195618324365	38.148789848936	36.998261944436855	38.292088944737344	37.85659914770399	36.53690141229819	36.33228207719835	37.21497664381129	37.014753325866636	37.62047012866392	38.32166184063157	37.70960676919715	37.62814284153304	37.49589491080941	38.1130029775726	36.46840426694348	36.75143961537411	37.30921613352637	36.52195823203213	36.24634496134619	36.21526074248094	37.89672740186303	37.82592195481738	37.38506433195836	36.50355259922965	37.41829363236539	37.354007430272894	36.997933455350065	35.85487201901275	36.854685579260796	36.67306457781299	36.54752642937144	36.619616466795975	35.64895033736717	34.327583522277166	34.16546851741773	25.36768408343439	18.749512349434077	23.315199503182736	19.74228974706871	18.965522917119777	20.710573168827114	18.80974543182883	18.196251756988914	18.26212712790879	18.38663126659379	18.12203232334904	17.8
	1	2	3	4	5	6	7	8	9	12	17	22	27	32	37	42	47	52	57	62	67	72	77	82	87	92	97	102	107	112	117	122	127	132	137	142	147	152	157	162	167	172	177	182	187	192	197	202	207	212	217	222	227	232	236
GU190707-CTD13-310_MiFish_S31.2	36.95741943593137	34.29395302755278	37.234230071090835	38.00920520963109	35.93490179261291	37.56734405672479	36.4420570870872	36.400249169128166	37.84503824413399	36.55461942558013	35.1593787777404	34.91468138514375	33.44425968303025	34.37517329084396	35.52734908446981	36.192641007915	34.54033397535666	34.26008377110451	35.49313232211579	35.79076817289528	33.89591680560741	34.037087752634946	34.3945737322504	35.08432563521492	34.17761248655263	34.456106676919326	35.18133819348686	35.167298215520205	31.915092931272216	30.12713869541428	29.978628573118613	29.478140573473524	29.29987578190852	28.203593451932033	27.30620868639368	27.467023054286262	27.463131911457857	27.075446502841135	25.329563645370825	26.212897286785882	25.13688801449077	22.70323352723698	18.611393227217995	16.041033132310464	16.64397500949225	20.50558281925742	17.686467143037962	17.006068556042663	17.991683063504667	17.25751915215519	16.78123703693789	17.831605822807465	14.737037037037037	18.0	14.0
	1	2	3	4	5	6	7	8	9	12	17	22	27	32	37	42	47	52	57	62	67	72	77	82	87	92	97	102	107	112	117	122	127	132	137	142	147	152	157	162	167	172	177	182	187	192	197	202	207	212	217	222	225
GU190707-CTD14-315_MiFish_S32.2	37.95663015892828	37.133305250457646	37.75386659593942	38.33870028290897	36.74650004160426	37.784224704609755	37.34971501081711	37.5850755117324	38.428820311199864	37.683898111166584	36.418176901314695	36.73041375436845	35.67221823514728	36.36929605591613	36.97406182393077	37.6413847978033	36.50352440089865	36.626723976535196	36.88970762606091	37.20969743301714	36.1306847021135	36.04437354385089	36.8128541562656	36.902604426693294	36.2035082792478	36.33184598102846	36.45075043684473	37.208868988184385	35.95218214345148	36.75542831585955	36.75984564819438	36.382258383258446	36.01710507155933	33.772720086536864	35.28493873772673	35.786006407056085	34.875137294058916	34.53592787901481	33.19831658761857	33.3213118374376	31.980973659156575	24.478479367336703	18.588560613483292	22.136043661896355	20.091598334805095	18.694003355942066	19.920171890798787	18.855624368048534	18.898243174924165	18.468225480283113	18.022908597648502	19.22605365511432	19.4
	1	2	3	4	5	6	7	8	9	12	17	22	27	32	37	42	47	52	57	62	67	72	77	82	87	92	97	102	107	112	117	122	127	132	137	142	147	152	157	162	167	172	177	182	187	192	197	202	207	212	217	222	226
GU190708-CTD16-252_MiFish_S33.2	38.19078507356991	37.01392222047368	38.09314265481155	38.44038673381068	37.142172869619955	38.40311983633645	37.829958100558656	37.585062750806514	38.13146195609411	37.881667519080956	36.70309229679754	36.926630734125425	35.80949228892911	36.84005429223385	37.314124832795656	37.80107305846251	36.700795695963485	36.793684593595096	37.12763789440554	37.510831890786065	36.28682626485168	36.28234223778425	37.09210795499253	37.06528149342985	36.40211169250138	36.605721339208436	37.03211700369817	37.45118518372807	36.09709879228442	36.000478993621606	36.01865714580782	35.42199338064256	35.15838066714861	33.54047987882543	34.27142316184968	34.92996267390566	34.53258582788688	33.58912281219418	32.56158117073123	32.38994383450627	31.395479902854312	25.807266361140442	20.45526306108348	18.647146728489886	18.31464998510575	21.97351472910655	19.609208564442056	18.448857875588956	19.592318244170094	18.331880460161855	17.871491404337508	18.969592408025697	15.833333333333334
	1	2	3	4	5	6	7	8	9	12	17	22	27	32	37	42	47	52	57	62	67	72	77	82	87	92	97	102	107	112	117	122	127	132	137	142	147	152	157	162	167	172	177	182	187	192	197	202	207	212	217	222	227	232	235
GU190708-CTD17-171_MiFish_S34.2	38.4239920973733	37.74504786057179	38.54723379181662	38.77892863951198	38.15380660516328	38.6565881217975	38.25731483995448	37.216912083277975	38.0081221441074	37.84256904689007	36.75783186121878	36.93751032598335	36.879918200881534	37.022642642989595	37.36918091122832	38.04285210881132	37.235068483654615	37.14492308225549	37.300791995702085	37.845196323661085	36.65673485185464	36.48737717134489	37.00897710664502	36.96597133564789	36.35367605007308	36.541748167318474	37.56130485768917	37.62418735233122	36.765591223925085	36.245395484397065	36.14708906681456	35.86604623756542	35.12883782191258	34.30973045417259	34.36845285547584	34.75912446708953	34.62102180167066	34.22057005534181	33.25707832195302	32.578388963987386	32.06438466518991	24.020385822	18.32102973187171	16.970295806681605	16.678581001914917	21.12773589173557	19.50264581373471	17.039557855127	18.610512699905925	17.70237990819244	16.817939317513883	16.852005343032825	16.733333333333334	16.4	20.0
	1	2	3	4	5	6	7	8	9	12	17	22	27	32	37	42	47	52	57	62	67	72	77	82	87	92	97	102	107	112	117	122	127	132	137	142	147	152	157	162	167	172	177	182	187	192	197	202	207	212	217	222	227	232	236
GU190709-CTD20-280_MiFish_S35.2	38.274037449613786	36.43619070312345	38.31889755961954	38.574825758027046	37.78241496396021	38.43427255217331	37.88506582474534	37.83664740573062	38.37112448124541	37.6798951569667	36.711341712833345	36.72093008478783	35.720233514028706	36.1890026012192	37.21523480470999	37.857418240304995	36.495754254284066	36.512455272929444	37.54254998907885	37.6336419054427	36.15649172971148	36.24721431266257	36.70050078433708	37.18206310438633	36.564964158773655	36.62156430571275	37.23562280335974	37.21460733504101	34.795009630468016	33.179446794146266	32.56237803061893	32.13553900835964	31.2307023291833	30.85264867655527	30.313135958380496	30.375210182482476	30.17651510832145	30.018284856475667	27.982183761973594	28.560737716636748	27.631510478441733	25.57297362308709	20.266331790316006	16.272866814396075	16.833052829420843	22.468240177164432	18.674620737647878	17.51954418928323	19.183451635351428	17.690894056369594	17.012347518839423	16.874267112996204	15.60888888888889	15.933333333333332	14.833333333333334
	1	2	3	4	5	6	7	8	9	12	17	22	27	32	37	42	47	52	57	62	67	72	77	82	87	92	97	102	107	112	117	122	127	132	137	142	147	152	157	162	167	172	177	182	187	192	197	202	207	212	217	222	225
GU190710-CTD22-245_MiFish_S36.2	38.23122997808127	37.79740768841679	38.33715646602597	38.611174338222895	37.3887666498061	38.1906845388636	37.87696004046535	36.82312004720958	38.098465688754004	37.868195076715566	36.50368150396223	36.60450767155623	36.85335778114989	36.94671977744057	37.44604788399933	38.13705361659079	37.53446552014837	37.24410217501265	37.43717838475805	37.92964087000506	36.23726015848929	36.54002191873209	37.1745574102175	36.58841847917721	36.204729387961564	36.17255184623166	37.58832574607992	37.58423792863216	36.869543665011506	36.54920459622826	37.30766319055126	37.13952739443091	36.813761707652226	35.36078958682842	36.40910983906457	36.20480024279416	36.293775027609406	35.827469461047556	34.86619765804804	34.07490705536212	33.38939414112039	25.701725815477612	19.12099875412452	22.29875453475553	19.50351626684193	18.889754158182114	19.980600461893765	18.784592543714947	18.30996370834708	18.62405146816232	18.033385008241794	17.22476919182623	12.0
	1	2	3	4	5	6	7	8	9	12	17	22	27	32	37	42	47	52	57	62	67	72	77	82	87	92	97	102	107	112	117	122	127	132	137	142	147	152	157	162	167	172	177	182	187	192	197	202	207	212	217	222	225
GU190710-CTD23-190_MiFish_S37.2	36.901765322485474	36.994488139781886	37.99393278862641	38.471527840447614	37.41104315772667	38.24527083781663	37.475401414757066	37.00650455040853	36.5760796373557	37.42241119587929	36.14673210554448	36.41140413597773	35.81889582306512	36.20389995348934	37.02863251719853	37.878987594843565	36.53687739929054	36.818754208520474	37.05248484932629	36.8832068752473	35.339616668864934	35.906055410161535	36.491881460295865	35.19676646789723	34.269235628553375	33.99709134832319	35.57335563993807	35.513168070085314	34.84497457167854	34.91292446713052	34.75831140792369	35.08739387291824	34.27882456664052	32.466002540802094	34.3924220230616	34.5708557504738	33.882162319766195	33.58541746211359	31.831133850287056	32.17369938808236	31.503780488528236	19.71191907908996	16.980387660814436	22.28705938773879	18.648021740868035	18.062753155432837	19.538992793981404	18.205555555555556	17.447406340057636	17.265273775216137	16.612668689272688	17.370960108281775	19.0
	1	2	3	4	5	6	7	8	9	12	17	22	27	32	37	42	47	52	57	62	67	72	77	82	87	92	97	102	107	112	117	122	127	132	137	142	147	152	157	162	167	172	177	182	187	192	197	202	207	212	217	222	226
GU190714-CTD25-185_MiFish_S38.2	38.29497561979658	37.59287899327859	38.39984953120453	38.57855606737027	37.27038248883905	38.399267529259795	37.95248521927988	37.35713271773616	38.310565464572406	37.98954880654114	36.72541219223098	36.57428828969502	36.047157062451646	36.76116272632423	37.42171222133108	38.013021228875814	37.18006004556649	37.457873705577995	37.54267138892635	37.84695620080486	36.71500784283109	36.58449461648201	37.41177702227932	37.20561844804213	36.46565478767576	36.80914026956627	37.357623160838365	37.65262220266443	36.71131638903281	37.12162137224703	37.305093936533396	37.10185672815541	36.800917007942196	35.18776802254193	36.26254036751294	36.70436359506859	36.187415982341214	35.89887716210174	34.926941011973625	34.43050867362071	34.11219276362301	25.939135810143405	19.54964371397687	21.82068275960577	19.424596486216252	19.309402553626192	20.0044705545207	18.750594641066055	18.37684482017481	18.274681186416394	18.119644648230405	17.227897938687995	16.151515151515152
	1	2	3	4	5	6	7	8	9	12	17	22	27	32	37	42	47	52	57	62	67	72	77	82	87	92	97	102	107	112	117	122	127	132	137	142	147	152	157	162	167	172	177	182	187	192	197	202	207	212	217	222	227
GU190714-CTD26-260_MiFish_S39.2	37.68794824399261	35.39719500924215	36.81645101663586	37.978054528650645	36.0546719038817	37.70445471349353	36.69025415896488	36.55095656192237	37.799648798521254	37.083116451016636	35.54676617375232	35.81789463955638	33.89750924214418	32.57320425138632	32.99997966728281	33.660123844731984	32.3998696857671	32.534425138632166	31.866542513863216	32.41154251386322	31.925864140480588	30.583284658040668	31.61707024029575	31.55267282809612	32.57162569316081	31.585581330868756	31.629238896055618	33.49199345650145	33.02339970517473	31.689266387855543	31.26483051826521	30.800524965918804	30.809168418863656	28.483243143325865	28.24643268097692	29.321460292520623	28.97766769102798	28.291285843018557	27.369949398091457	26.72577739781418	25.94991555233195	20.353575262371326	17.637497770965318	17.314332625122034	20.018972852512157	18.33891446087559	17.569619398196615	17.993495550564834	17.553110279174337	17.39617690268326	17.062618010173622	16.934458903260868	17.233333333333334
	1	2	3	4	5	6	7	8	9	12	17	22	27	32	37	42	47	52	57	62	67	72	77	82	87	92	97	102	107	112	117	122	127	132	137	142	147	152	157	162	167	172	177	182	187	192	197	202	207	212	217	222	225
GU190715-CTD28-310_MiFish_S40.2	38.076515546685414	37.035039575442816	37.42008028485247	38.264613430703285	37.2271879890232	38.19349103032227	37.48194951579616	37.56016147687841	38.36432086725784	37.72745968747874	36.28853922391309	36.77186855056358	35.65650783571088	36.516333204817094	37.01096772730365	37.63398906855963	36.48562810423424	36.663022248429456	36.75726215045472	36.74150636155399	35.876963690381686	35.94075159322342	36.560174177307054	36.590347674234	36.18178395663711	36.350912843308464	36.64587485541923	36.88808563717597	35.59302674950999	36.22132774511938	36.393621634371144	36.36953516220335	35.99089375136077	34.19976776253719	34.834195152042966	35.47644065140245	34.041692634978524	33.121918162396064	33.12359464939377	31.441925782791515	31.782042991112434	26.87970626144922	20.87687073311567	20.193201395292267	20.823520818115412	20.138708069676447	19.904445184243727	19.670292682926828	20.48926829268293	19.327056910569105	19.246973186639725	18.528470075303737	17.0
	1	2	3	4	5	6	7	8	9	12	17	22	27	32	37	42	47	52	57	62	67	72	77	82	87	92	97	102	107	112	117	122	127	132	137	142	147	152	157	162	167	172	177	182	187	192	197	202	207	212	217	222	225
GU190721-CTD31-205_MiFish_S41.2	38.31194140319517	37.8975463635348	38.53107194726846	38.700312814210704	37.91216065244107	38.53954167132164	38.077323762708076	36.99999301753994	38.21899089487208	37.80492961680259	36.47710870293822	36.24717908613563	36.744064908948715	36.82644536923249	37.56600100547425	38.24292397497486	37.595811920455816	37.36106440621159	37.438456597028264	37.98142805273153	36.44041447882918	36.60072757233829	37.236028097419286	36.59145207239415	36.14604653111384	36.07691459054854	37.70947380180985	37.524614568204676	36.87860294939113	36.52232013182885	37.16885962462295	37.00918612445537	36.41363115852977	35.203482851078086	36.27396100994302	36.0701960674785	35.88103284549212	35.786604848620264	34.42103954865378	33.57852897859691	33.303796466593745	26.312815777548263	20.527081369993688	21.643981080311697	19.34099109385705	19.981682848627354	20.124387451339594	18.999404625601098	18.68261964735516	18.218044424089765	17.877907663575595	17.313721992325966	19.0
	1	2	3	4	5	6	7	8	9	12	17	22	27	32	37	42	47	52	57	62	67	72	77	82	87	92	97	102	107	112	117	122	127	132	137	142	147	152	157	162	167	172	177	182	187	192	197	202	207	212	217	222	225
GU190722-CTD33-205_MiFish_S42.2	38.46463668053905	38.29987441643061	38.59791857904725	38.81183864482376	38.22791446801561	38.61055577768892	38.2158742136948	37.05521734967984	38.07750702535887	37.88807969769839	36.54518361669417	36.64496004415135	37.39251679609846	37.21380292953241	37.67723671094943	38.3584121281065	37.811633656396594	37.63514763108841	37.49975052232628	38.0385806240884	36.6561544396326	36.82879298984632	37.42038395909242	36.742951270196144	36.45181814598104	36.48047935755275	37.89341953359501	37.87786969719154	37.42065202088179	36.97294152761431	37.559323312928356	37.414563188808984	36.90026637232431	35.69188212039128	36.70934443124159	36.6380974370815	36.48677768329288	36.46543523435696	35.136681102207	34.36301423092735	34.23700046470803	22.993899625627073	17.61804580573679	21.619852878682394	18.548767737117252	19.2622733791693	20.298694512356768	18.220731096644965	18.276915373059587	18.070305458187278	17.512583199868676	18.159506234369466	25.0
	1	2	3	4	5	6	7	8	9	12	17	22	27	32	37	42	47	52	57	62	67	72	77	82	87	92	97	102	107	112	117	122	127	132	137	142	147	152	157	162	167	172	177	182	187	192	197	202	207	212	217	222	227	232	235
GU190724-CTD36-310_MiFish_S43.2	38.25178127120561	36.719343757068536	38.195459172133	38.52311411445374	37.503696844605294	38.30853455100656	37.744380513458495	37.75916082334314	38.39965505541733	37.71250424112192	36.49884924225289	36.6092442320742	35.97815680841438	36.27802816104954	37.19722630626555	37.75101080072382	36.48984251300611	36.682960585840306	37.46166308527483	37.45665149287491	36.177449954761364	36.36560026012214	36.80549083917666	37.07042382945035	36.48264815652568	36.4751399570233	36.95305926261027	37.13914414159692	35.261643293372536	34.74375282741461	34.31198116941869	34.26981876272336	33.40045097263062	32.272521771092514	32.56389957023298	32.84619005881022	32.400271431802764	32.16051355392786	30.485023785793555	30.884780626418138	29.744857296927343	25.286089646591307	20.085789354924685	16.825970513396328	17.166176093533664	22.584007992960434	18.95284335865325	17.772705809895296	19.425621022377335	17.82538493122562	17.135980177491692	17.54468664589171	13.761904761904763	16.4	20.0
	1	2	3	4	5	6	7	8	9	12	17	22	27	32	37	42	47	52	57	62	67	72	77	82	87	92	97	102	107	112	117	122	127	132	137	142	147	152	157	162	167	172	177	182	187	192	197	202	207	212	217	222	225
GU190727-CTD40-210_MiFish_S44.2	38.2353166116674	37.99560950047446	38.480679441603996	38.741064389272076	38.000415445116396	38.51084642221498	37.952063298728646	36.85316375619037	38.30768903933038	37.801603240471906	36.33214459378438	36.21646484531751	37.04579243795469	36.86774210300207	37.532830078226425	38.23295896063185	37.58941181469259	37.459910962558006	37.36446811222683	38.002472842635996	36.03344710864362	36.56522818795115	37.219487208539284	36.42241326402954	36.07479994901355	36.045512956694566	37.72940360020961	37.565203753009975	37.16809504169452	36.35481252874054	37.19603108007529	37.13732406051039	36.529026875068155	35.50291126818654	36.678073755919954	36.26371984317741	36.137485244549374	36.15786838849146	34.832153371353805	33.821858451969526	33.65225491093473	21.242259764329077	17.81376883865761	21.768811253997207	18.81821205821206	19.598175262484887	20.039121338912132	18.65539748953975	18.50723849372385	18.37075313807531	17.260251046025104	17.458870913505745	14.0
	1	2	3	4	5	6	7	8	9	12	17	22	27	32	37	42	47	52	57	62	67	72	77	82	87	92	97	102	107	112	117	122	127	132	137	142	147	152	157	162	167	172	177	182	187	192	197	202	207	212	217	222
GU190727-CTD41B-145_MiFish_S45.2	38.30730897970274	38.16223356592419	38.57149133709872	38.79263956896502	38.17066811578284	38.588828701749925	38.14501182224432	37.053122055278386	38.36695205776424	37.91985847993109	36.60184877933159	36.42872371790796	37.34023436370889	37.12540019308702	37.777900207539645	38.40642852600605	37.84756531139618	37.66697576006336	37.57912810225518	38.22211829181576	36.52868267246313	36.81563773637262	37.41961856641558	36.68306094959503	36.37058140005435	36.27228045022806	38.03165933437007	37.89835760410223	37.48782106498477	36.74364633857289	37.5346267465993	37.29687649945947	36.81752235820534	35.780040351718995	36.81833170500465	36.532118927731105	36.53459899756617	36.413008515484535	35.270666381468274	34.32470415483961	34.22523190949808	22.18349583333977	18.63066230197669	20.417992214921366	18.218129079042786	20.330124116361553	19.99348882410107	18.143440233236152	18.372060252672497	17.86253644314869	17.340800161087223	16.669770727804487
	1	2	3	4	5	6	7	8	9	12	17	22	27	32	37	42	47	52	57	62	67	72	77	82	87	92	97	102	107	112	117	122	127	132	137	142	147	152	157	162	167	172	177	182	187	192	197	202	207	212	217	222	226
GU190728-CTD43-245_MiFish_S46.2	38.283074582792715	36.107817696449075	38.20729870401026	38.54936393599093	37.90182393032377	38.468845540095145	37.79109808658822	37.553763440860216	38.38561287339866	37.65685651648696	36.49235082695778	36.568574113015075	36.00162707112285	36.43444737744769	37.198536978211266	37.77974587266789	36.57402651633782	36.62532474311366	37.49882481022475	37.661093463379714	36.33876634900751	36.364493758668516	36.710139740205506	36.909065962745885	36.50963566134252	36.507959375419446	37.231243941359814	37.30396720985484	35.18694157563103	33.66217516125424	33.262354125498675	32.847611945863314	32.359786734275374	31.69795906192909	31.03715894261959	31.23627605234704	31.165002050631973	30.90454047201819	29.492382834346223	29.65303754520711	29.01052907017384	25.24536381263008	19.728248979564352	16.209185146881545	17.085973584614198	22.6319971443052	18.609731400966186	17.568155069457628	19.167525992347237	17.60507865342249	16.916059260710686	17.124889949980183	13.933333333333332
	1	2	3	4	5	6	7	8	9	12	17	22	27	32	37	42	47	52	57	62	67	72	77	82	87	92	97	102	107	112	117	122	127	132	137	142	147	152	157	162	167	172	177	182	187	192	197	202	207	212	217	222	227	232	235
GU190728-CTD44B-125_MiFish_S47.2	37.71742060105117	36.80146893670545	37.994227572885315	38.506159876016355	37.395529176586855	38.15412605004268	37.197374331791025	36.08915255379363	37.85063002560532	37.10266834374018	35.47050671578097	35.329453977808726	35.89239926328557	35.76710614976865	36.76269035532995	37.695613404608956	36.67898117784466	36.42497417007322	36.658413338269455	37.15588061880563	35.25436168121965	35.61639554145493	36.08259089760507	35.502829547687895	34.89239295841873	35.000945615857596	36.9626526658618	36.723835247213415	35.38957278737094	34.10419801891242	34.8120235394533	34.77640776262887	34.14963612677164	32.83583252846971	33.61148896026594	33.02107432447609	33.11710878012623	32.98937692324971	31.545060757844613	30.655043687248714	30.07607405953228	23.3005828191647	19.12922597678482	18.405223039413137	17.960619493855564	21.054565702132763	18.712818498147943	18.055326012386452	18.55497558511534	17.842880395128248	17.768726001906902	17.867701436018965	19.82857142857143	21.8	19.0
	1	2	3	4	5	6	7	8	9	12	17	22	27	32	37	42	47	52	57	62	67	72	77	82	87	92	97	102	107	112	117	122	127	132	137	142	147	152	157	162	167	172	177	182	187	192	197	202	207	212	217	222	227	232	236
GU190729-CTD46-240_MiFish_S48.2	37.96002111979534	35.1053981899443	37.90102698723145	38.28838931814295	37.25867287370511	38.26503112195194	37.23672762156896	37.345985379747304	37.95494195774554	37.39720385808093	36.006802953796736	36.11329729086568	35.504037301723045	35.920533051736065	36.871111243316406	37.55073287177161	36.19585189371686	36.117611975816345	37.15914955640993	37.28582370920124	35.67708874032319	35.990860482929406	36.35132035903652	36.81319243554372	36.10674271776071	36.17850688996141	36.85478058466137	36.93171315748377	34.28031322738732	32.484483643313425	32.04746153445724	31.56654743401923	30.422317079519008	29.961923388686035	29.654710681113404	29.407726573015744	29.4101999687665	28.670190598716452	27.333419101516313	27.577162362144996	26.52091406465247	23.801045390192407	19.14242452355783	16.26222116257422	16.974158425946502	21.691170106023893	18.429249922572176	17.251178766588602	18.60449648711944	17.500740046838406	17.050171095144208	17.072846707488445	20.166666666666664	17.8	19.25
	1	2	3	4	5	6	7	8	9	12	17	22	27	32	37	42	47	52	57	62	67	72	77	82	87	92	97	102	107	112	117	122	127	132	137	142	147	152	157	162	167	172	177	182	187	192	197	202	207	212	217	222	225
GU190729-CTD47-140_MiFish_S49.2	38.17652387391527	37.49793228394008	38.26100484436334	38.332954799070514	37.49218862821809	38.26009242362579	37.64226542910031	37.08508487482113	37.13111945491066	37.49437843798821	36.22870252458284	36.67888435231256	36.343397093381995	36.704736710821706	36.94145803521025	37.951729660894564	37.15241627391002	37.27900513318717	37.020354203043155	37.34482283283664	36.58881989208491	36.48404773470218	37.24484383820614	36.929481036089854	36.14980766958554	36.76334431739114	36.851820246550524	37.57048745585591	36.95924564466792	37.304529282797915	36.73432539943023	36.6646440246288	36.28300271756968	34.18772104869307	35.43548857176616	36.013117853251245	35.35196071995904	34.83338015780284	33.637120426409	32.935445382150164	32.6168785542903	24.24085188230681	20.801143335192414	21.624032176812985	19.539444739544194	18.032486752501235	21.1475764354959	19.059806114839674	18.25883668903803	18.885570469798658	17.62070454083351	17.443708085764477	14.0
	1	2	3	4	5	6	7	8	9	12	17	22	27	32	37	42	47	52	57	62	67	72	77	82	87	92	97	102	107	112	117	122	127	132	137	142	147	152	157	162	167	172	177	182	187	192	197	202	207	212	217	222	227	232	237	241
GU190731-CTD50-150_MiFish_S50.2	38.36615489895255	38.204197525413626	38.530932329665234	38.79073630533879	38.219721636626524	38.59732784406353	38.168651560137306	37.10460701316762	38.01591593911767	37.86921446783148	36.59953532521716	36.67057537996269	37.30604408339864	37.2153243341685	37.63858014812199	38.30573945099944	37.69290405183166	37.601772607366364	37.497858743280986	38.09745918919218	36.55074557675964	36.74116069359057	37.32223595766051	36.615192989039855	36.38236443306365	36.24509111378462	37.81360249886866	37.66749815123453	37.317666471672496	36.78094060771956	37.37443295327866	37.26689109391729	36.78832573591903	35.57787993510005	36.476962726680725	36.5228794384168	36.44289356629618	36.15463846977407	34.96692199865343	34.160922064877866	33.875160658907454	25.545307632933206	19.71247541217236	20.5620373818657	18.522819254547745	20.324990393974822	19.777791483396154	18.449662357707894	18.607022959675867	18.145668531738373	17.635165054021837	19.006960123266104	20.59047619047619	18.4	18.8	14.0
	1	2	3	4	5	6	7	8	9	12	17	22	27	32	37	42	47	52	57	62	67	72	77	82	87	92	97	102	107	112	117	122	127	132	137	142	147	152	157	162	167	172	177	182	187	192	197	202	207	212	217	222	225
PCRNeg_MiFish_S54.2	35.5668016194332	30.271255060728745	32.62753036437247	34.57085020242915	31.518218623481783	33.5668016194332	33.497975708502025	28.765182186234817	32.522267206477736	32.289878542510124	31.34493927125506	29.667206477732794	27.56032388663968	28.68825910931174	29.08744939271255	31.122267206477733	28.83724696356275	28.739271255060732	28.4502024291498	29.323076923076922	27.126315789473683	27.59919028340081	28.595951417004052	27.215384615384615	26.71497975708502	28.389473684210525	29.522267206477732	30.10445344129555	28.335222672064777	28.095546558704456	27.85425101214575	27.817004048582994	28.05668016194332	25.907692307692308	26.316599190283398	25.409716599190283	25.851012145748985	26.12793522267207	24.640485829959516	23.036437246963565	23.09583773865408	18.66099287986038	17.00949832067813	20.55966386554622	18.57983193277311	18.690756302521006	17.6890756302521	17.547899159663864	16.633613445378153	16.887394957983194	16.984873949579832	16.817342134989193	14.0

