	19.0	20.0	21.0	22.0	23.0	24.0	25.0	26.0	27.0	28.0	29.0	30.0	31.0	32.0	33.0	34.0	35.0	36.0	37.0	38.0
Control10_20190721_MiFish_S52.1	1.0	5.0	6.0	8.0	5.0	12.0	14.0	14.0	14.0	25.0	29.0	37.0	38.0	79.0	68.0	73.0	122.0	185.0	311.0	58.0
	19.0	20.0	21.0	22.0	23.0	24.0	25.0	26.0	27.0	28.0	29.0	30.0	31.0	32.0	33.0	34.0	35.0	36.0	37.0	38.0
Control12_20190731_MiFish_S53.1	1.0	3.0	2.0	2.0	5.0	4.0	2.0	3.0	1.0	1.0	0.0	3.0	1.0	3.0	6.0	3.0	3.0	3.0	7.0	29.0
	17.0	18.0	19.0	20.0	21.0	22.0	23.0	24.0	25.0	26.0	27.0	28.0	29.0	30.0	31.0	32.0	33.0	34.0	35.0	36.0	37.0	38.0
Control9_20190715_MiFish_S51.1	1.0	1.0	11.0	16.0	23.0	34.0	38.0	35.0	48.0	46.0	54.0	78.0	75.0	118.0	137.0	153.0	218.0	277.0	392.0	611.0	1179.0	29.0
	19.0	20.0	21.0	22.0	23.0	24.0	25.0	26.0	27.0	28.0	29.0	30.0	31.0	32.0	33.0	34.0	35.0	36.0	37.0	38.0
ExtNeg_20190910_MiFish_S55.1	2.0	6.0	13.0	16.0	9.0	10.0	8.0	7.0	14.0	12.0	8.0	6.0	8.0	5.0	9.0	4.0	11.0	2.0	13.0	15.0
	19.0	20.0	21.0	22.0	23.0	24.0	25.0	26.0	27.0	28.0	29.0	30.0	31.0	32.0	33.0	34.0	35.0	36.0	37.0	38.0
ExtNeg_20190918_MiFish_S56.1	1.0	5.0	2.0	5.0	7.0	8.0	7.0	9.0	7.0	11.0	10.0	13.0	12.0	6.0	15.0	13.0	16.0	10.0	21.0	14.0
	18.0	19.0	20.0	21.0	22.0	23.0	24.0	25.0	26.0	27.0	28.0	29.0	30.0	31.0	32.0	33.0	34.0	35.0	36.0	37.0	38.0
ExtNeg_20191028_MiFish_S57.1	1.0	3.0	3.0	4.0	3.0	4.0	3.0	3.0	1.0	4.0	1.0	0.0	0.0	2.0	1.0	1.0	0.0	0.0	1.0	6.0	9.0
	20.0	21.0	22.0	23.0	24.0	25.0	26.0	27.0	28.0	29.0	30.0	31.0	32.0	33.0	34.0	35.0	36.0	37.0	38.0
ExtNeg_20191031_MiFish_S58.1	3.0	1.0	1.0	1.0	4.0	0.0	0.0	1.0	1.0	0.0	0.0	0.0	0.0	0.0	1.0	1.0	3.0	2.0	6.0
	18.0	19.0	20.0	21.0	22.0	23.0	24.0	25.0	26.0	27.0	28.0	29.0	30.0	31.0	32.0	33.0	34.0	35.0	36.0	37.0	38.0
GU190706-CTD11-220_MiFish_S30.1	4.0	78.0	292.0	491.0	594.0	839.0	1038.0	1337.0	1745.0	2280.0	2849.0	3496.0	4306.0	5409.0	6769.0	8955.0	11592.0	16671.0	26602.0	57500.0	140009.0
	12.0	13.0	14.0	15.0	16.0	17.0	18.0	19.0	20.0	21.0	22.0	23.0	24.0	25.0	26.0	27.0	28.0	29.0	30.0	31.0	32.0	33.0	34.0	35.0	36.0	37.0	38.0
GU190707-CTD13-310_MiFish_S31.1	1.0	1.0	0.0	0.0	1.0	9.0	156.0	1317.0	5101.0	11848.0	20244.0	19237.0	15542.0	10665.0	7675.0	7036.0	7155.0	7728.0	8251.0	8644.0	9565.0	10843.0	13235.0	17237.0	25082.0	46889.0	17037.0
	12.0	13.0	14.0	15.0	16.0	17.0	18.0	19.0	20.0	21.0	22.0	23.0	24.0	25.0	26.0	27.0	28.0	29.0	30.0	31.0	32.0	33.0	34.0	35.0	36.0	37.0	38.0
GU190707-CTD14-315_MiFish_S32.1	1.0	1.0	1.0	0.0	2.0	0.0	18.0	233.0	713.0	1050.0	1247.0	1885.0	2430.0	3014.0	3921.0	4958.0	6130.0	7561.0	9870.0	11022.0	11753.0	14432.0	18692.0	25703.0	39376.0	86110.0	134453.0
	14.0	15.0	16.0	17.0	18.0	19.0	20.0	21.0	22.0	23.0	24.0	25.0	26.0	27.0	28.0	29.0	30.0	31.0	32.0	33.0	34.0	35.0	36.0	37.0	38.0
GU190708-CTD16-252_MiFish_S33.1	1.0	0.0	2.0	0.0	25.0	319.0	1132.0	2002.0	3039.0	4738.0	4950.0	3354.0	3030.0	3187.0	3564.0	4114.0	4827.0	5280.0	6271.0	7851.0	10263.0	13563.0	20640.0	43668.0	57524.0
	13.0	14.0	15.0	16.0	17.0	18.0	19.0	20.0	21.0	22.0	23.0	24.0	25.0	26.0	27.0	28.0	29.0	30.0	31.0	32.0	33.0	34.0	35.0	36.0	37.0	38.0
GU190708-CTD17-171_MiFish_S34.1	1.0	0.0	0.0	0.0	3.0	21.0	249.0	1035.0	2315.0	4694.0	5795.0	3994.0	2798.0	2322.0	2238.0	2267.0	2490.0	2872.0	3388.0	3997.0	5027.0	6576.0	9322.0	14247.0	29338.0	68118.0
	12.0	13.0	14.0	15.0	16.0	17.0	18.0	19.0	20.0	21.0	22.0	23.0	24.0	25.0	26.0	27.0	28.0	29.0	30.0	31.0	32.0	33.0	34.0	35.0	36.0	37.0	38.0
GU190709-CTD20-280_MiFish_S35.1	1.0	0.0	1.0	0.0	0.0	12.0	91.0	846.0	3442.0	7214.0	13206.0	16645.0	15131.0	10503.0	7448.0	6823.0	6885.0	7309.0	8111.0	8403.0	9352.0	10722.0	12943.0	16682.0	23553.0	42603.0	23879.0
	17.0	18.0	19.0	20.0	21.0	22.0	23.0	24.0	25.0	26.0	27.0	28.0	29.0	30.0	31.0	32.0	33.0	34.0	35.0	36.0	37.0	38.0
GU190710-CTD22-245_MiFish_S36.1	1.0	10.0	97.0	339.0	530.0	602.0	989.0	1333.0	1402.0	1677.0	2034.0	2490.0	2948.0	3808.0	4560.0	5765.0	7338.0	9743.0	13632.0	21697.0	48020.0	108225.0
	13.0	14.0	15.0	16.0	17.0	18.0	19.0	20.0	21.0	22.0	23.0	24.0	25.0	26.0	27.0	28.0	29.0	30.0	31.0	32.0	33.0	34.0	35.0	36.0	37.0	38.0
GU190710-CTD23-190_MiFish_S37.1	1.0	0.0	0.0	0.0	2.0	29.0	217.0	627.0	1535.0	3520.0	9594.0	17602.0	8406.0	2155.0	1294.0	1234.0	1428.0	1638.0	1890.0	2437.0	2970.0	4056.0	5509.0	8888.0	20179.0	48842.0
	17.0	18.0	19.0	20.0	21.0	22.0	23.0	24.0	25.0	26.0	27.0	28.0	29.0	30.0	31.0	32.0	33.0	34.0	35.0	36.0	37.0	38.0
GU190714-CTD25-185_MiFish_S38.1	1.0	7.0	99.0	411.0	583.0	764.0	1170.0	1417.0	1714.0	2105.0	2618.0	3125.0	3989.0	5160.0	6343.0	7726.0	9796.0	12630.0	17645.0	27400.0	58920.0	118163.0
	18.0	19.0	20.0	21.0	22.0	23.0	24.0	25.0	26.0	27.0	28.0	29.0	30.0	31.0	32.0	33.0	34.0	35.0	36.0	37.0	38.0
GU190714-CTD26-260_MiFish_S39.1	37.0	380.0	1355.0	2317.0	3883.0	5651.0	6904.0	6870.0	7566.0	9531.0	12211.0	17073.0	21705.0	9439.0	5006.0	5932.0	7243.0	9889.0	13879.0	26003.0	43526.0
	12.0	13.0	14.0	15.0	16.0	17.0	18.0	19.0	20.0	21.0	22.0	23.0	24.0	25.0	26.0	27.0	28.0	29.0	30.0	31.0	32.0	33.0	34.0	35.0	36.0	37.0	38.0
GU190715-CTD28-310_MiFish_S40.1	1.0	1.0	0.0	1.0	0.0	2.0	16.0	244.0	821.0	1091.0	1338.0	1617.0	1713.0	1948.0	2394.0	2902.0	3389.0	4009.0	4778.0	5879.0	7097.0	8959.0	11671.0	16131.0	25525.0	60287.0	58651.0
	15.0	16.0	17.0	18.0	19.0	20.0	21.0	22.0	23.0	24.0	25.0	26.0	27.0	28.0	29.0	30.0	31.0	32.0	33.0	34.0	35.0	36.0	37.0	38.0
GU190721-CTD31-205_MiFish_S41.1	1.0	0.0	0.0	7.0	83.0	294.0	365.0	455.0	581.0	781.0	1018.0	1155.0	1407.0	1583.0	1917.0	2479.0	3081.0	3927.0	4981.0	6612.0	8945.0	14152.0	29606.0	59786.0
	13.0	14.0	15.0	16.0	17.0	18.0	19.0	20.0	21.0	22.0	23.0	24.0	25.0	26.0	27.0	28.0	29.0	30.0	31.0	32.0	33.0	34.0	35.0	36.0	37.0	38.0
GU190722-CTD33-205_MiFish_S42.1	1.0	0.0	0.0	0.0	0.0	5.0	60.0	230.0	409.0	608.0	927.0	832.0	843.0	1087.0	1252.0	1501.0	1847.0	2380.0	3036.0	3858.0	5090.0	6907.0	9943.0	16626.0	37187.0	82942.0
	17.0	18.0	19.0	20.0	21.0	22.0	23.0	24.0	25.0	26.0	27.0	28.0	29.0	30.0	31.0	32.0	33.0	34.0	35.0	36.0	37.0	38.0
GU190724-CTD36-310_MiFish_S43.1	1.0	15.0	253.0	1047.0	2120.0	3845.0	5661.0	5514.0	3946.0	2928.0	2894.0	2973.0	3314.0	3539.0	3828.0	4411.0	5247.0	6775.0	9293.0	14372.0	29875.0	29621.0
	18.0	19.0	20.0	21.0	22.0	23.0	24.0	25.0	26.0	27.0	28.0	29.0	30.0	31.0	32.0	33.0	34.0	35.0	36.0	37.0	38.0
GU190727-CTD40-210_MiFish_S44.1	2.0	41.0	165.0	324.0	632.0	850.0	894.0	917.0	1146.0	1522.0	1830.0	2414.0	2979.0	3779.0	4788.0	6416.0	8352.0	12105.0	19176.0	42764.0	100725.0
	17.0	18.0	19.0	20.0	21.0	22.0	23.0	24.0	25.0	26.0	27.0	28.0	29.0	30.0	31.0	32.0	33.0	34.0	35.0	36.0	37.0	38.0
GU190727-CTD41B-145_MiFish_S45.1	1.0	4.0	45.0	171.0	385.0	630.0	976.0	1078.0	930.0	968.0	1192.0	1402.0	1733.0	2221.0	2860.0	3573.0	4730.0	6322.0	8807.0	14261.0	31362.0	89328.0
	14.0	15.0	16.0	17.0	18.0	19.0	20.0	21.0	22.0	23.0	24.0	25.0	26.0	27.0	28.0	29.0	30.0	31.0	32.0	33.0	34.0	35.0	36.0	37.0	38.0
GU190728-CTD43-245_MiFish_S46.1	1.0	0.0	0.0	3.0	56.0	417.0	1632.0	3330.0	6402.0	8306.0	7076.0	4740.0	3431.0	3021.0	3060.0	3371.0	3647.0	4069.0	4503.0	5271.0	6522.0	8838.0	12755.0	23360.0	20295.0
	14.0	15.0	16.0	17.0	18.0	19.0	20.0	21.0	22.0	23.0	24.0	25.0	26.0	27.0	28.0	29.0	30.0	31.0	32.0	33.0	34.0	35.0	36.0	37.0	38.0
GU190728-CTD44B-125_MiFish_S47.1	1.0	1.0	0.0	0.0	17.0	178.0	748.0	1354.0	2191.0	3428.0	3467.0	2546.0	2083.0	2040.0	2389.0	2820.0	3358.0	4208.0	5042.0	6219.0	7918.0	10730.0	16379.0	32535.0	68436.0
	12.0	13.0	14.0	15.0	16.0	17.0	18.0	19.0	20.0	21.0	22.0	23.0	24.0	25.0	26.0	27.0	28.0	29.0	30.0	31.0	32.0	33.0	34.0	35.0	36.0	37.0	38.0
GU190729-CTD46-240_MiFish_S48.1	1.0	0.0	0.0	0.0	0.0	3.0	44.0	427.0	1764.0	3933.0	7080.0	8143.0	7823.0	6136.0	4567.0	4133.0	4178.0	4483.0	4653.0	5170.0	5626.0	6457.0	7645.0	9192.0	11306.0	16651.0	15056.0
	17.0	18.0	19.0	20.0	21.0	22.0	23.0	24.0	25.0	26.0	27.0	28.0	29.0	30.0	31.0	32.0	33.0	34.0	35.0	36.0	37.0	38.0
GU190729-CTD47-140_MiFish_S49.1	1.0	7.0	59.0	219.0	410.0	707.0	1181.0	1486.0	1547.0	1651.0	1795.0	1984.0	2482.0	3016.0	3735.0	4541.0	5790.0	7465.0	10032.0	15368.0	33995.0	54871.0
	17.0	18.0	19.0	20.0	21.0	22.0	23.0	24.0	25.0	26.0	27.0	28.0	29.0	30.0	31.0	32.0	33.0	34.0	35.0	36.0	37.0	38.0
GU190731-CTD50-150_MiFish_S50.1	1.0	6.0	65.0	252.0	452.0	809.0	1145.0	1017.0	1051.0	1194.0	1435.0	1600.0	1999.0	2558.0	3213.0	4212.0	5422.0	7365.0	10365.0	16898.0	36712.0	83431.0
	10.0	11.0	12.0	13.0	14.0	15.0	16.0	17.0	18.0	19.0	20.0	21.0	22.0	23.0	24.0	25.0	26.0	27.0	28.0	29.0	30.0	31.0	32.0	33.0	34.0	35.0	36.0	37.0	38.0
PCRNeg_MiFish_S54.1	1.0	0.0	0.0	0.0	0.0	0.0	0.0	0.0	0.0	3.0	7.0	10.0	11.0	10.0	11.0	9.0	9.0	8.0	8.0	9.0	7.0	12.0	10.0	9.0	13.0	9.0	16.0	27.0	48.0

