	1	2	3	4	5	6	7	8	9	12	17	22	27	32	37	42	47	52	57	62	67	72	77	82	87	92	97	102	107	112	117	122	127	132	137	142	147	152	157	162	167	172	177	182	187	192	197	202	207	212	217	222	227	230
Control10_20190721_MiFish_S52.1	0.0	0.0	0.0	0.0	0.0	0.0	0.0	0.0	0.0	0.0	0.0	0.0	0.0	0.0	0.0	0.0	0.0	0.0	0.0	0.0	0.0	0.0	0.0	0.0	0.0	0.0	0.0	0.0	0.0	0.0	0.0	0.0	0.0	0.0	0.0	0.0	0.0	0.0	0.0	0.0	0.0	0.0	0.0	0.0	0.0	0.0	0.0	0.0	0.0	0.0	0.0	0.0	0.0	0.0
	1	2	3	4	5	6	7	8	9	12	17	22	27	32	37	42	47	52	57	62	67	72	77	82	87	92	97	102	107	112	117	122	127	132	137	142	147	152	157	162	167	172	177	182	187	192	197	202	207	212	217	222	227
Control12_20190731_MiFish_S53.1	0.0	0.0	0.0	0.0	0.0	0.0	0.0	0.0	0.0	0.0	0.0	0.0	0.0	0.0	0.0	0.0	0.0	0.0	0.0	0.0	0.0	0.0	0.0	0.0	0.0	0.0	0.0	0.0	0.0	0.0	0.0	0.0	0.0	0.0	0.0	0.0	0.0	0.0	0.0	0.0	0.0	0.0	0.0	0.0	0.0	0.0	0.0	0.0	0.0	0.0	0.0	0.0	0.0
	1	2	3	4	5	6	7	8	9	12	17	22	27	32	37	42	47	52	57	62	67	72	77	82	87	92	97	102	107	112	117	122	127	132	137	142	147	152	157	162	167	172	177	182	187	192	197	202	207	212	217	222	227	230
Control9_20190715_MiFish_S51.1	0.0	0.0	0.0	0.0	0.0	0.0	0.0	0.0	0.0	0.0	0.0	0.0	0.0	0.0	0.0	0.0	0.0	0.0	0.0	0.0	0.0	0.0	0.0	0.0	0.0	0.0	0.0	0.0	0.0	0.0	0.0	0.0	0.0	0.0	0.0	0.0	0.0	0.0	0.0	0.0	0.0	0.0	0.0	0.0	0.0	0.0	0.0	0.0	0.0	0.0	0.0	0.0	0.0	0.0
	1	2	3	4	5	6	7	8	9	12	17	22	27	32	37	42	47	52	57	62	67	72	77	82	87	92	97	102	107	112	117	122	127	132	137	142	147	152	157	162	167	172	177	182	187	192	197	202	207	212	217	222	227	230
ExtNeg_20190910_MiFish_S55.1	0.0	0.0	0.0	0.0	0.0	0.0	0.0	0.0	0.0	0.0	0.0	0.0	0.0	0.0	0.0	0.0	0.0	0.0	0.0	0.0	0.0	0.0	0.0	0.0	0.0	0.0	0.0	0.0	0.0	0.0	0.0	0.0	0.0	0.0	0.0	0.0	0.0	0.0	0.0	0.0	0.0	0.0	0.0	0.0	0.0	0.0	0.0	0.0	0.0	0.0	0.0	0.0	0.0	0.0
	1	2	3	4	5	6	7	8	9	12	17	22	27	32	37	42	47	52	57	62	67	72	77	82	87	92	97	102	107	112	117	122	127	132	137	142	147	152	157	162	167	172	177	182	187	192	197	202	207	212	217	222	227	230
ExtNeg_20190918_MiFish_S56.1	0.0	0.0	0.0	0.0	0.0	0.0	0.0	0.0	0.0	0.0	0.0	0.0	0.0	0.0	0.0	0.0	0.0	0.0	0.0	0.0	0.0	0.0	0.0	0.0	0.0	0.0	0.0	0.0	0.0	0.0	0.0	0.0	0.0	0.0	0.0	0.0	0.0	0.0	0.0	0.0	0.0	0.0	0.0	0.0	0.0	0.0	0.0	0.0	0.0	0.0	0.0	0.0	0.0	0.0
	1	2	3	4	5	6	7	8	9	12	17	22	27	32	37	42	47	52	57	62	67	72	77	82	87	92	97	102	107	112	117	122	127	132	137	142	147	152	157	162	167	172	177	182	187	192	197	202	207	212	217	222	227	230
ExtNeg_20191028_MiFish_S57.1	0.0	0.0	0.0	0.0	0.0	0.0	0.0	0.0	0.0	0.0	0.0	0.0	0.0	0.0	0.0	0.0	0.0	0.0	0.0	0.0	0.0	0.0	0.0	0.0	0.0	0.0	0.0	0.0	0.0	0.0	0.0	0.0	0.0	0.0	0.0	0.0	0.0	0.0	0.0	0.0	0.0	0.0	0.0	0.0	0.0	0.0	0.0	0.0	0.0	0.0	0.0	0.0	0.0	0.0
	1	2	3	4	5	6	7	8	9	12	17	22	27	32	37	42	47	52	57	62	67	72	77	82	87	92	97	102	107	112	117	122	127	132	137	142	147	152	157	162	167	172	177	182	187	192	197	202	207	212	217	222	227
ExtNeg_20191031_MiFish_S58.1	0.0	0.0	0.0	0.0	0.0	0.0	0.0	0.0	0.0	0.0	0.0	0.0	0.0	0.0	0.0	0.0	0.0	0.0	0.0	0.0	0.0	0.0	0.0	0.0	0.0	0.0	0.0	0.0	0.0	0.0	0.0	0.0	0.0	0.0	0.0	0.0	0.0	0.0	0.0	0.0	0.0	0.0	0.0	0.0	0.0	0.0	0.0	0.0	0.0	0.0	0.0	0.0	0.0
	1	2	3	4	5	6	7	8	9	12	17	22	27	32	37	42	47	52	57	62	67	72	77	82	87	92	97	102	107	112	117	122	127	132	137	142	147	152	157	162	167	172	177	182	187	192	197	202	207	212	217	222	227	230
GU190706-CTD11-220_MiFish_S30.1	0.0	0.0	0.0	0.0	0.0	0.0	0.0	0.0	0.0	0.0	0.0	0.0	0.0	0.0	0.0	0.0	0.0	0.0	0.0	0.0	6.829294943590024e-05	0.0	0.0	0.0	0.0	0.0	0.0	6.829294943590024e-05	0.0	0.00020487884830770072	0.00040975769661540144	0.0004780506460513017	0.0006146365449231021	0.00013658589887180047	0.0	0.0	0.0	0.0	0.0	0.0	0.0	0.0	0.0	0.0	0.0	0.0	0.0	0.0	0.0	0.0	0.0	0.0	0.0	0.0
	1	2	3	4	5	6	7	8	9	12	17	22	27	32	37	42	47	52	57	62	67	72	77	82	87	92	97	102	107	112	117	122	127	132	137	142	147	152	157	162	167	172	177	182	187	192	197	202	207	212	217	222	227	231
GU190707-CTD13-310_MiFish_S31.1	0.0	0.0	0.0	0.0	0.0	0.0	0.0	0.0	0.0	0.0	0.0003696871337786831	0.0008133116943131028	0.0017744982421376788	0.0005175619872901564	0.0	0.0	0.0	0.0004436245605344197	0.000961186547824576	0.0017744982421376788	0.0023659976561835718	0.0017744982421376788	0.0017005608153819421	0.0017744982421376788	0.0019963105224048887	0.0024399350829393085	0.002144185375916362	0.002144185375916362	0.002144185375916362	0.002292060229427835	0.002513872509695045	0.0028835596434737282	0.0028835596434737282	0.0017744982421376788	7.393742675573662e-05	0.0	0.0	0.0	0.0	0.0	0.0	0.0	0.0	0.0	0.0	0.0	0.0	0.0	0.0	0.0	0.0	0.0	0.0	0.0
	1	2	3	4	5	6	7	8	9	12	17	22	27	32	37	42	47	52	57	62	67	72	77	82	87	92	97	102	107	112	117	122	127	132	137	142	147	152	157	162	167	172	177	182	187	192	197	202	207	212	217	222	227	232	237	242	245
GU190707-CTD14-315_MiFish_S32.1	0.0	0.0	0.0	0.0	0.0	0.0	0.0	0.0	0.0	0.0	0.00010401065069063072	0.000572058578798469	0.001144117157596938	0.0005200532534531536	0.0	0.0	0.0	0.0006760692294890997	0.0010921118322516226	0.0014561491096688301	0.0019241970377766684	0.0015081544350141454	0.0014561491096688301	0.001300133133632884	0.001300133133632884	0.001716175736395407	0.0014561491096688301	0.0015601605717260423	0.0015601638172008062	0.0014561528960540858	0.002132223883507768	0.00260027302866801	0.0027042839498147304	0.0014041474354807254	0.0002080218422934408	0.0	0.0	0.0	0.0	0.0	0.0	0.0	0.0	0.0	0.0	0.0	0.0	0.0	0.0	0.0	0.0	0.0	0.0	0.0	0.0	0.0	0.0
	1	2	3	4	5	6	7	8	9	12	17	22	27	32	37	42	47	52	57	62	67	72	77	82	87	92	97	102	107	112	117	122	127	132	137	142	147	152	157	162	167	172	177	182	187	192	197	202	207	212	217	222	227	230
GU190708-CTD16-252_MiFish_S33.1	0.0	0.0	0.0	0.0	0.0	0.0	0.0	0.0	0.0	0.0	0.0	0.00029506648831536706	0.0004917774805256118	9.835549610512234e-05	0.0	0.0	0.0	0.0	0.0003934219844204894	0.0008851994649461013	0.0008851994649461013	0.0004917774805256118	0.0006884884727358564	0.0007868439688409788	0.0007868439688409788	0.0008851994649461013	0.0007868439688409788	0.0006884884727358564	0.0007868439688409788	0.0007868439688409788	0.0009835549610512236	0.0009835549610512236	0.0009835549610512236	0.0006884884727358564	0.0	0.0	0.0	0.0	0.0	0.0	0.0	0.0	0.0	0.0	0.0	0.0	0.0	0.0	0.0	0.0	0.0	0.0	0.0	0.0
	1	2	3	4	5	6	7	8	9	12	17	22	27	32	37	42	47	52	57	62	67	72	77	82	87	92	97	102	107	112	117	122	127	132	137	142	147	152	157	162	167	172	177	182	187	192	197	202	207	212	217	222	227	232	235
GU190708-CTD17-171_MiFish_S34.1	0.0	0.0	0.0	0.0	0.0	0.0	0.0	0.0	0.0	0.0	0.0	0.0	0.0004621419122276973	0.00011553547805692433	0.0	0.0	0.0	0.0	0.00034660643417077296	0.0005776773902846216	0.0008087483463984703	0.0004621419122276973	0.0005776773902846216	0.0004621419122276973	0.0005776773902846216	0.0006932128683415459	0.0006932128683415459	0.0006932128683415459	0.0005776773902846216	0.0005776773902846216	0.0009242838244553946	0.0012708902586261676	0.0011553547805692433	0.0006932128683415459	0.0	0.0	0.0	0.0	0.0	0.0	0.0	0.0	0.0	0.0	0.0	0.0	0.0	0.0	0.0	0.0	0.0	0.0	0.0	0.0	0.0
	1	2	3	4	5	6	7	8	9	12	17	22	27	32	37	42	47	52	57	62	67	72	77	82	87	92	97	102	107	112	117	122	127	132	137	142	147	152	157	162	167	172	177	182	187	192	197	202	207	212	217	222	227	231
GU190709-CTD20-280_MiFish_S35.1	0.0	0.0	0.0	0.0	0.0	0.0	0.0	0.0	0.0	0.0	0.0	0.0004765592422708048	0.0012708246460554793	0.00039713270189233735	0.0	0.0	0.0	0.00039713270189233735	0.0012708246460554793	0.0019856635094616863	0.0019856635094616863	0.0015885308075693494	0.0018268104287047515	0.0015091042671908817	0.0016679573479478167	0.0019856635094616863	0.0019062369690832192	0.0016679586727496856	0.0020650982510206353	0.001826817683595177	0.001985671395212149	0.0020650982510206353	0.002303378818446093	0.0015885371161697194	0.00015885371161697192	0.0	0.0	0.0	0.0	0.0	0.0	0.0	0.0	0.0	0.0	0.0	0.0	0.0	0.0	0.0	0.0	0.0	0.0	0.0
	1	2	3	4	5	6	7	8	9	12	17	22	27	32	37	42	47	52	57	62	67	72	77	82	87	92	97	102	107	112	117	122	127	132	137	142	147	152	157	162	167	172	177	182	187	192	197	202	207	212	217	222	227	230
GU190710-CTD22-245_MiFish_S36.1	0.0	0.0	0.0	0.0	0.0	0.0	0.0	0.0	0.0	0.0	0.0	0.0	0.0001686056314280897	0.0	0.0	0.0	0.0	0.0	0.0	8.430281571404485e-05	0.0005901197099983139	0.0002529084471421345	0.0	0.0	8.430281571404485e-05	0.0004215140785702243	0.0002529084471421345	0.00033721154713500854	0.00016860634212755913	0.00033721268425511826	0.000590122197446457	0.0008430317106377956	0.0008430317106377956	0.00016860634212755913	0.0	0.0	0.0	0.0	0.0	0.0	0.0	0.0	0.0	0.0	0.0	0.0	0.0	0.0	0.0	0.0	0.0	0.0	0.0	0.0
	1	2	3	4	5	6	7	8	9	12	17	22	27	32	37	42	47	52	57	62	67	72	77	82	87	92	97	102	107	112	117	122	127	132	137	142	147	152	157	162	167	172	177	182	187	192	197	202	207	212	217	222	227	232
GU190710-CTD23-190_MiFish_S37.1	0.0	0.0	0.0	0.0	0.0	0.0	0.0	0.0	0.0	0.0	0.0	0.00013883778886937447	0.0009718645220856213	0.00027767557773874895	0.0	0.0	0.0	0.0004165133666081234	0.0009718645220856213	0.0019437290441712426	0.0024990801996487406	0.0018048912553018678	0.0019437290441712426	0.0018048912553018678	0.0018048912553018678	0.002637917988518115	0.0018048912553018678	0.002082566833040617	0.0019437290441712426	0.0022214046219099916	0.0029155935662568636	0.0029155935662568636	0.002776755777387489	0.0018048912553018678	0.0	0.0	0.0	0.0	0.0	0.0	0.0	0.0	0.0	0.0	0.0	0.0	0.0	0.0	0.0	0.0	0.0	0.0	0.0	0.0
	1	2	3	4	5	6	7	8	9	12	17	22	27	32	37	42	47	52	57	62	67	72	77	82	87	92	97	102	107	112	117	122	127	132	137	142	147	152	157	162	167	172	177	182	187	192	197	202	207	212	217	222	227	230
GU190714-CTD25-185_MiFish_S38.1	0.0	0.0	0.0	0.0	0.0	0.0	0.0	0.0	0.0	0.0	0.0	0.0	0.0002129275407578801	0.0	0.0	0.0	0.0	0.0	0.0002129275407578801	0.0004968309284350536	0.0006387826222736402	0.0004258550815157602	0.0004258550815157602	0.0003548792345964668	0.0003548792345964668	0.0004258550815157602	0.0004258550815157602	0.0003548792345964668	0.0004968309284350536	0.0003548792345964668	0.0004968309284350536	0.0006387826222736402	0.0009226860099508136	0.0003548792345964668	0.0	0.0	0.0	0.0	0.0	0.0	0.0	0.0	0.0	0.0	0.0	0.0	0.0	0.0	0.0	0.0	0.0	0.0	0.0	0.0
	1	2	3	4	5	6	7	8	9	12	17	22	27	32	37	42	47	52	57	62	67	72	77	82	87	92	97	102	107	112	117	122	127	132	137	142	147	152	157	162	167	172	177	182	187	192	197	202	207	212	217	222	227	232	237
GU190714-CTD26-260_MiFish_S39.1	0.0	0.0	0.0	0.0	0.0	0.0	0.0	0.0	0.0	0.0	0.0	0.0	0.00018484288354898338	0.0	0.0	0.0	0.0	0.0	9.242144177449169e-05	0.00036968576709796677	0.0004621072088724584	0.00018484288354898338	0.00036968576709796677	0.00036968576709796677	0.0004621072088724584	0.0005545286506469502	0.0002772656065878308	0.0004621093443130514	0.0002772656065878308	0.0004621093443130514	0.0005545312131756616	0.0008317968197634924	0.0008317968197634924	0.0002772656065878308	0.0	0.0	0.0	0.0	0.0	0.0	0.0	0.0	0.0	0.0	0.0	0.0	0.0	0.0	0.0	0.0	0.0	0.0	0.0	0.0	0.0
	1	2	3	4	5	6	7	8	9	12	17	22	27	32	37	42	47	52	57	62	67	72	77	82	87	92	97	102	107	112	117	122	127	132	137	142	147	152	157	162	167	172	177	182	187	192	197	202	207	212	217	222	227	232	237	242	245
GU190715-CTD28-310_MiFish_S40.1	0.0	0.0	0.0	0.0	0.0	0.0	0.0	0.0	0.0	9.07173474247613e-05	0.0010886081690971356	0.0019050642959199874	0.002630803075318078	0.000907173474247613	0.0	0.0	0.0	0.0007257387793980904	0.00208649899076951	0.0029936724650171226	0.003265824507291407	0.0027215204227428393	0.0028122377701676003	0.002449368380468555	0.0028122377701676003	0.003175107159866646	0.0027215204227428393	0.0028122377701676003	0.0029936724650171226	0.002630803075318078	0.003356541854716168	0.003810128591839975	0.0043544326763885425	0.002449368380468555	0.0001814346948495226	0.0	0.0	0.0	0.0	0.0	0.0	0.0	0.0	0.0	0.0	0.0	0.0	0.0	0.0	0.0	0.0	0.0	0.0	0.0	0.0	0.0	0.0
	1	2	3	4	5	6	7	8	9	12	17	22	27	32	37	42	47	52	57	62	67	72	77	82	87	92	97	102	107	112	117	122	127	132	137	142	147	152	157	162	167	172	177	182	187	192	197	202	207	212	217	222	227	232	237	242
GU190721-CTD31-205_MiFish_S41.1	0.0	0.0	0.0	0.0	0.0	0.0	0.0	0.0	0.0	0.0	0.0	0.0	0.00041894760361970725	0.00013964920120656908	0.0	0.0	0.0	0.0	0.00041894760361970725	0.0009775444084459837	0.001256842810859122	0.0008378952072394145	0.0009775444084459837	0.0006982460060328455	0.0008378952072394145	0.0011171936096525527	0.0008378952072394145	0.0008378952072394145	0.0008378952072394145	0.0006982460060328455	0.001256842810859122	0.00153614121327226	0.00153614121327226	0.0006982460060328455	0.0	0.0	0.0	0.0	0.0	0.0	0.0	0.0	0.0	0.0	0.0	0.0	0.0	0.0	0.0	0.0	0.0	0.0	0.0	0.0	0.0	0.0
	1	2	3	4	5	6	7	8	9	12	17	22	27	32	37	42	47	52	57	62	67	72	77	82	87	92	97	102	107	112	117	122	127	132	137	142	147	152	157	162	167	172	177	182	187	192	197	202	207	212	217	222	227	232	236
GU190722-CTD33-205_MiFish_S42.1	0.0	0.0	0.0	0.0	0.0	0.0	0.0	0.0	0.0	0.00011263100393645359	0.00045052401574581437	0.0005631550196822679	0.0005631550196822679	0.00033789301180936075	0.0	0.0	0.0	0.00045052401574581437	0.0005631550196822679	0.0005631550196822679	0.0005631550196822679	0.0005631550196822679	0.0005631550196822679	0.0005631550196822679	0.0005631550196822679	0.0005631550196822679	0.0005631550196822679	0.0006757860236187215	0.0005631550196822679	0.0005631550196822679	0.0006757860236187215	0.0006757860236187215	0.0009010480314916287	0.0005631550196822679	0.0	0.0	0.0	0.0	0.0	0.0	0.0	0.0	0.0	0.0	0.0	0.0	0.0	0.0	0.0	0.0	0.0	0.0	0.0	0.0	0.0
	1	2	3	4	5	6	7	8	9	12	17	22	27	32	37	42	47	52	57	62	67	72	77	82	87	92	97	102	107	112	117	122	127	132	137	142	147	152	157	162	167	172	177	182	187	192	197	202	207	212	217	222	227	232	237	242	245
GU190724-CTD36-310_MiFish_S43.1	0.0	0.0	0.0	0.0	0.0	0.0	0.0	0.0	0.0	0.0	0.0	0.0	0.0004241121918118073	0.0	0.0	0.0	0.0	0.0	0.00014137073060393576	0.00014137073060393576	0.000565482922415743	0.0004241121918118073	0.0002827414612078715	0.0002827414612078715	0.00014137073060393576	0.0004241121918118073	0.0002827414612078715	0.0002827414612078715	0.0002827414612078715	0.0004241121918118073	0.0004241121918118073	0.0007068536530196788	0.0007068536530196788	0.00014137073060393576	0.0	0.0	0.0	0.0	0.0	0.0	0.0	0.0	0.0	0.0	0.0	0.0	0.0	0.0	0.0	0.0	0.0	0.0	0.0	0.0	0.0	0.0	0.0
	1	2	3	4	5	6	7	8	9	12	17	22	27	32	37	42	47	52	57	62	67	72	77	82	87	92	97	102	107	112	117	122	127	132	137	142	147	152	157	162	167	172	177	182	187	192	197	202	207	212	217	222	227	230
GU190727-CTD40-210_MiFish_S44.1	0.0	0.0	0.0	0.0	0.0	0.0	0.0	0.0	0.0	0.0	0.0	0.0	0.00018883868927065779	0.0	0.0	0.0	0.0	0.0	9.441934463532889e-05	0.0004720967231766444	0.0007553547570826311	0.0004720967231766444	0.00018883868927065779	0.00037767737854131557	0.00037767737854131557	0.0008497741017179599	0.0005665160678119734	0.0005669973521223655	0.000474099921299413	0.0006637398898191783	0.000948199842598826	0.000948199842598826	0.000948199842598826	0.00037927993703953044	0.0	0.0	0.0	0.0	0.0	0.0	0.0	0.0	0.0	0.0	0.0	0.0	0.0	0.0	0.0	0.0	0.0	0.0	0.0	0.0
	1	2	3	4	5	6	7	8	9	12	17	22	27	32	37	42	47	52	57	62	67	72	77	82	87	92	97	102	107	112	117	122	127	132	137	142	147	152	157	162	167	172	177	182	187	192	197	202	207	212	217	222	227	230
GU190727-CTD41B-145_MiFish_S45.1	0.0	0.0	0.0	0.0	0.0	0.0	0.0	0.0	0.0	0.0	0.0	0.00011562097133178015	0.0003468629139953405	0.00011562097133178015	0.0	0.0	0.0	0.0	0.0003468629139953405	0.0005781048566589008	0.0005781048566589008	0.0004624838853271206	0.0005781048566589008	0.0005781048566589008	0.0005781048566589008	0.0005781048566589008	0.0005781048566589008	0.0005781048566589008	0.0005781048566589008	0.0005781048566589008	0.0005781048566589008	0.0005781048566589008	0.0005781048566589008	0.0004624838853271206	0.0	0.0	0.0	0.0	0.0	0.0	0.0	0.0	0.0	0.0	0.0	0.0	0.0	0.0	0.0	0.0	0.0	0.0	0.0	0.0
	1	2	3	4	5	6	7	8	9	12	17	22	27	32	37	42	47	52	57	62	67	72	77	82	87	92	97	102	107	112	117	122	127	132	137	142	147	152	157	162	167	172	177	182	187	192	197	202	207	212	217	222	227	232	237	242	246
GU190728-CTD43-245_MiFish_S46.1	0.0	0.0	0.0	0.0	0.0	0.0	0.0	0.0	0.0	0.0	0.0	0.00014913575828076297	0.0007456787914038149	0.00014913575828076297	0.0	0.0	0.0	0.0	0.00044740727484228894	0.0007456787914038149	0.0007456787914038149	0.00044740727484228894	0.0007456787914038149	0.0007456787914038149	0.0007456787914038149	0.0007456787914038149	0.0005965430331230519	0.0005965430331230519	0.0007456787914038149	0.0007456787914038149	0.0007456787914038149	0.0007456787914038149	0.0007456787914038149	0.0005965430331230519	0.0	0.0	0.0	0.0	0.0	0.0	0.0	0.0	0.0	0.0	0.0	0.0	0.0	0.0	0.0	0.0	0.0	0.0	0.0	0.0	0.0	0.0	0.0
	1	2	3	4	5	6	7	8	9	12	17	22	27	32	37	42	47	52	57	62	67	72	77	82	87	92	97	102	107	112	117	122	127	132	137	142	147	152	157	162	167	172	177	182	187	192	197	202	207	212	217	222	227	230
GU190728-CTD44B-125_MiFish_S47.1	0.0	0.0	0.0	0.0	0.0	0.0	0.0	0.0	0.0	0.0	0.0	0.00022460805893715466	0.0012353443241543507	0.00022460805893715466	0.0	0.0	0.0	0.0	0.0006738309874656206	0.0012353651346267232	0.0015722828986158297	0.0010107532919673191	0.0012353651346267232	0.0012353651346267232	0.0013476710559564252	0.0014599769772861274	0.0013476710559564252	0.0014599769772861274	0.0012353651346267232	0.0014599769772861274	0.0014599769772861274	0.0016845888199455315	0.0016845888199455315	0.0010107532919673191	0.0	0.0	0.0	0.0	0.0	0.0	0.0	0.0	0.0	0.0	0.0	0.0	0.0	0.0	0.0	0.0	0.0	0.0	0.0	0.0
	1	2	3	4	5	6	7	8	9	12	17	22	27	32	37	42	47	52	57	62	67	72	77	82	87	92	97	102	107	112	117	122	127	132	137	142	147	152	157	162	167	172	177	182	187	192	197	202	207	212	217	222	227	230
GU190729-CTD46-240_MiFish_S48.1	0.0	0.0	0.0	0.0	0.0	0.0	0.0	0.0	0.0	0.0	0.0	0.0004461928594269396	0.0010411166719961925	0.0004461928594269396	0.0	0.0	0.0	0.000743654765711566	0.000743654765711566	0.0008923857188538792	0.0013385785782808188	0.0010411166719961925	0.000743654765711566	0.0008923857188538792	0.0008923857188538792	0.0011898476251385058	0.0010411166719961925	0.0010411166719961925	0.0010411166719961925	0.0013385785782808188	0.001487309531423132	0.0016360404845654453	0.0016360404845654453	0.0008923857188538792	0.00029746190628462645	0.0	0.0	0.0	0.0	0.0	0.0	0.0	0.0	0.0	0.0	0.0	0.0	0.0	0.0	0.0	0.0	0.0	0.0	0.0
	1	2	3	4	5	6	7	8	9	12	17	22	27	32	37	42	47	52	57	62	67	72	77	82	87	92	97	102	107	112	117	122	127	132	137	142	147	152	157	162	167	172	177	182	187	192	197	202	207	212	217	222	227	230
GU190729-CTD47-140_MiFish_S49.1	0.0	0.0	0.0	0.0	0.0	0.0	0.0	0.0	0.0	0.0	0.0	0.0	0.0003938506780795841	0.00013128355935986138	0.0	0.0	0.0	0.0	0.0003938506780795841	0.0006564177967993068	0.0009189849155190296	0.0005251342374394455	0.0006564177967993068	0.0006564177967993068	0.0006564177967993068	0.0007877013561591682	0.0006564177967993068	0.0007877013561591682	0.0006564177967993068	0.0006564177967993068	0.0009189849155190296	0.001444119152958475	0.0013128355935986137	0.0005251342374394455	0.0	0.0	0.0	0.0	0.0	0.0	0.0	0.0	0.0	0.0	0.0	0.0	0.0	0.0	0.0	0.0	0.0	0.0	0.0	0.0
	1	2	3	4	5	6	7	8	9	12	17	22	27	32	37	42	47	52	57	62	67	72	77	82	87	92	97	102	107	112	117	122	127	132	137	142	147	152	157	162	167	172	177	182	187	192	197	202	207	212	217	222	227	230
GU190731-CTD50-150_MiFish_S50.1	0.0	0.0	0.0	0.0	0.0	0.0	0.0	0.0	0.0	0.0	0.0	0.0	0.0004414962307259302	0.0	0.0	0.0	0.0	0.0	0.00011037405768148255	0.0007726184037703778	0.000993366519133343	0.0006622443460888953	0.0005518702884074127	0.0005518702884074127	0.0005518702884074127	0.0007726184037703778	0.0006622443460888953	0.0005518702884074127	0.0006622443460888953	0.0007726184037703778	0.0011037405768148255	0.0018763589805852032	0.0018763589805852032	0.0004414962307259302	0.0	0.0	0.0	0.0	0.0	0.0	0.0	0.0	0.0	0.0	0.0	0.0	0.0	0.0	0.0	0.0	0.0	0.0	0.0	0.0
	1	2	3	4	5	6	7	8	9	12	17	22	27	32	37	42	47	52	57	62	67	72	77	82	87	92	97	102	107	112	117	122	127	132	137	142	147	152	157	162	167	172	177	182	187	192	197	202	207	212	217	222	227	230
PCRNeg_MiFish_S54.1	0.0	0.0	0.0	0.0	0.0	0.0	0.0	0.0	0.0	0.08097165991902834	0.24291497975708504	0.4048582995951417	0.4048582995951417	0.32388663967611336	0.0	0.0	0.24291497975708504	0.4048582995951417	0.4048582995951417	0.4048582995951417	0.4048582995951417	0.4048582995951417	0.4048582995951417	0.4048582995951417	0.4048582995951417	0.4048582995951417	0.4048582995951417	0.4048582995951417	0.4048582995951417	0.4048582995951417	0.4048582995951417	0.4048582995951417	0.4048582995951417	0.4048582995951417	0.24291497975708504	0.0	0.0	0.0	0.0	0.0	0.0	0.0	0.0	0.0	0.0	0.0	0.0	0.0	0.0	0.0	0.0	0.0	0.0	0.0

