	1	2	3	4	5	6	7	8	9	12	17	22	27	32	37	42	47	52	57	62	67	72	77	82	87	92	97	102	107	112	117	122	127	132	137	142	147	152	157	162	167	172	177	182	187	192	197	202	207	212	217
ExtNeg_20190910_MiFish_S55.1 - polya	0.0	0.0	0.0	0.0	0.0	0.0	0.0	0.0	0.0	0.0	0.0	0.0	0.0	0.0	0.0	0.0	0.0	0.0	0.0	0.0	0.0	0.0	0.0	0.0	0.0	0.0	0.0	0.0	0.0	0.0	0.0	0.0	0.0	0.0	0.0	0.0	0.0	0.0	0.0	0.11235955056179776	0.5617977528089888	0.5617977528089888	0.5617977528089888	0.5617977528089888	0.5617977528089888	0.5617977528089888	0.5617977528089888	0.5617977528089888	0.5617977528089888	0.5617977528089888	0.5617977528089888
	1	2	3	4	5	6	7	8	9	12	17	22	27	32	37	42	47	52	57	62	67	72	77	82	87	92	97	102	107	112	117	122	127	132	137	142	147	152	157	162	167	172	177	182	187	192	197	202	207	212	217	221
GU190707-CTD13-310_MiFish_S31.1 - polya	0.0	0.0	0.0	0.0	0.0	0.0	0.0	0.0	0.0	0.0	0.0	0.0	0.0	0.0	0.0	0.0	0.0	0.0	0.0	0.0014787485351147327	0.0028835596434737282	0.00414049589832125	0.018040732128399736	0.07127567939253011	0.10366027231154273	0.10972314130551315	0.11061039042658198	0.11171945182791802	0.1140854494841016	0.11475088632490324	0.11866956994295727	0.12916868454227187	0.13360493014761607	0.136710302071357	0.1446216067342208	0.1530504733843748	0.15600797045460427	0.15696915700242886	0.15844790553754357	0.16458471195826974	0.20007467680102325	0.6087268344799796	1.0862147364685266	1.1210392644704785	1.138340622331321	1.1449210533125815	1.1553462304851405	1.1940894421051464	1.2473243893692767	1.2574538168348126	1.2619639998669125	1.2632209361217601
	1	2	3	4	5	6	7	8	9	12	17	22	27	32	37	42	47	52	57	62	67	72	77	82	87	92	97	102	107	112	117	122	127	132	137	142	147	152	157	162	167	172	177	182	187	192	197	202	207	212	217
GU190708-CTD16-252_MiFish_S33.1 - polya	0.0	0.0	0.0	0.0	0.0	0.0	0.0	0.0	0.0	0.0	0.0	0.0	0.0	0.0	0.0	0.0	0.0	0.0	0.0	0.0	0.0	0.0	0.006098040758517586	0.024097096545754974	0.0334408686757416	0.035407978597844045	0.035407978597844045	0.035407978597844045	0.035407978597844045	0.035407978597844045	0.03678495554331577	0.038260287984892595	0.0391454874498387	0.03983397592257455	0.040817530883625774	0.040817530883625774	0.040817530883625774	0.040817530883625774	0.040817530883625774	0.04170273034857187	0.05507907781886852	0.1848099771815249	0.34257219293414115	0.3450310803367692	0.34601463529782045	0.3471949012510819	0.348866944684869	0.356932095365489	0.3699150208513652	0.37080022031631127	0.37080022031631127
	1	2	3	4	5	6	7	8	9	12	17	22	27	32	37	42	47	52	57	62	67	72	77	82	87	92	97	102	107	112	117	122	127	132	137	142	147	152	157	162	167	172	177	182	187	192	197	202	207	212	217	222
GU190708-CTD17-171_MiFish_S34.1 - polya	0.0	0.0	0.0	0.0	0.0	0.0	0.0	0.0	0.0	0.0	0.0	0.0	0.0	0.0	0.0	0.0	0.0	0.0	0.0	0.0	0.0	0.0	0.015366218581570936	0.08237679585458704	0.11680636831555051	0.12073457456948593	0.12096564552559978	0.12188992935005519	0.12292974865256749	0.12385403247702287	0.1276667032529014	0.1361007931510569	0.1394513220147077	0.14049114131722	0.14696112808840772	0.1549330760743355	0.15597289537684786	0.15678164372324632	0.15943895971855557	0.16394484336277565	0.19051800331586824	0.38149814854396413	0.7282201181927941	0.7595302327462206	0.7733944901130515	0.7790557285378407	0.7812509026209223	0.7962705147683227	0.8289670550584323	0.8345127580051643	0.8361302546979614	0.8364768611321323
	1	2	3	4	5	6	7	8	9	12	17	22	27	32	37	42	47	52	57	62	67	72	77	82	87	92	97	102	107	112	117	122	127	132	137	142	147	152	157	162	167	172	177	182	187	192	197	202	207	212	217	220
GU190709-CTD20-280_MiFish_S35.1 - polya	0.0	0.0	0.0	0.0	0.0	0.0	0.0	0.0	0.0	0.0	0.0	0.0	0.0	0.0	0.0	0.0	0.0	0.0	0.0	0.0002382796211354024	0.00039713270189233735	0.00039713270189233735	0.018029824665912113	0.09213478683902225	0.1333571612954469	0.1418558011159429	0.14272949306010604	0.14384146462540456	0.14503286273108157	0.14582712813486626	0.14828935088659873	0.16012390540299043	0.16560433668910468	0.16925795754651415	0.17950398125533645	0.19070312344870038	0.19419789122535294	0.1950715831695161	0.19721609975973473	0.20214054526319974	0.25186155954012035	0.7805246122991998	1.3425468120172355	1.3859137030638788	1.4032286888663847	1.4106947836619605	1.417366613053752	1.459700959075475	1.5237981771608984	1.534123627410099	1.5394452056154564	1.5396834852365917
	1	2	3	4	5	6	7	8	9	12	17	22	27	32	37	42	47	52	57	62	67	72	77	82	87	92	97	102	107	112	117	122	127	132	137	142	147	152	157	162	167	172	177	182	187	192	197	202	207	212	217	221
GU190710-CTD23-190_MiFish_S37.1 - polya	0.0	0.0	0.0	0.0	0.0	0.0	0.0	0.0	0.0	0.0	0.0	0.0	0.0	0.0	0.0	0.0	0.0	0.0	0.0	0.0	0.0	0.0	0.0	0.00041651336660812334	0.0006941889443468723	0.0006941889443468723	0.0006941889443468723	0.0006941889443468723	0.0009718645220856212	0.001804891255301868	0.0024990801996487406	0.0038874580883424847	0.004998160399297481	0.005553511554774978	0.006247700499121851	0.007636078387815595	0.007913753965554344	0.009857483009725587	0.01888193928623493	0.0658091119240835	0.10648858406281021	0.15077783871214068	0.22339000229082356	0.25601688267512646	0.2622645831742484	0.27115020166188836	0.2800358201495283	0.28697770959299707	0.29253122114777197	0.296974030391592	0.3029440553129751	0.3033605686795832
	1	2	3	4	5	6	7	8	9	12	17	22	27	32	37	42	47	52	57	62	67	72	77	82	87	92	97	102	107	112	117	122	127	132	137	142	147	152	157	162	167	172	177	182	187	192	197	202	207	212	217	222	226
GU190714-CTD26-260_MiFish_S39.1 - polya	0.0	0.0	0.0	0.0	0.0	0.0	0.0	0.0	0.0	0.0	0.0	0.0	0.0	0.0	0.0	0.0	0.0	0.0	0.0	0.000277264325323475	0.00046210720887245835	0.0008317929759704251	0.006284658040665433	0.02273567467652495	0.03234750462107209	0.033271719038817	0.033271719038817	0.033271719038817	0.033271719038817	0.03373382624768946	0.034011090573012936	0.034195933456561925	0.03456561922365989	0.03585951940850277	0.03900184842883549	0.0401109057301294	0.0411275415896488	0.041774491682070244	0.04205175600739371	0.04343807763401109	0.05711645101663586	0.20314232902033275	0.3964879852125693	0.40988909426987064	0.4121996303142329	0.4155268022181146	0.43687615526802215	0.4594269870609981	0.4684842883548983	0.46950092421441775	0.4702402957486137	0.4704251386321626	0.4704251386321627
	1	2	3	4	5	6	7	8	9	12	17	22	27	32	37	42	47	52	57	62	67	72	77	82	87	92	97	102	107	112	117	122	127	132	137	142	147	152	157	162	167	172	177	182	187	192	197	202	207	212	217	222	227	232	235
GU190724-CTD36-310_MiFish_S43.1 - polya	0.0	0.0	0.0	0.0	0.0	0.0	0.0	0.0	0.0	0.0	0.0	0.0	0.0	0.0	0.0	0.0	0.0	0.0	0.0	0.0	0.0	0.0	0.010744175525899118	0.054851843474327075	0.07662293598733319	0.0798744627912237	0.0798744627912237	0.0798744627912237	0.0798744627912237	0.0798744627912237	0.08086405790545124	0.08496380909296539	0.08948767247229134	0.09019452612531101	0.09782854557792356	0.1016455553042298	0.10235240895724948	0.10249377968785342	0.10334200407147705	0.10489708210812032	0.1268095453517304	0.45196222574078265	0.7751357159013799	0.794644876724723	0.8017134132549197	0.8049649400588101	0.8062372766342456	0.8192433838498075	0.8483657543542185	0.851758651888713	0.8524655055417327	0.8524655055417327	0.8524655055417327	0.8524655055417327	0.8524655055417326
	1	2	3	4	5	6	7	8	9	12	17	22	27	32	37	42	47	52	57	62	67	72	77	82	87	92	97	102	107	112	117	122	127	132	137	142	147	152	157	162	167	172	177	182	187	192	197	202	207	212	217	222	227	232	235
GU190728-CTD43-245_MiFish_S46.1 - polya	0.0	0.0	0.0	0.0	0.0	0.0	0.0	0.0	0.0	0.0	0.0	0.0	0.0	0.0	0.0	0.0	0.0	0.0	0.0	0.0017896290993691557	0.004175801231861363	0.00447407274842289	0.030125423172714123	0.11945774238289113	0.1627071122843124	0.1691199498903852	0.16986562868178903	0.17016390019835054	0.1707604432314736	0.1707604432314736	0.17389229415536964	0.1837352542019	0.18850759846688442	0.1934290784901496	0.20267549550355687	0.21072882645071805	0.21102709796727961	0.21102709796727961	0.21177277675868345	0.21654512102366782	0.25636436848463157	0.6937795475221094	1.2018850759846686	1.2230623536605372	1.234396671289875	1.2394672870714212	1.2446870386112479	1.2695927102441353	1.323132447466929	1.328799606281598	1.3310366426558096	1.3310366426558096	1.3310366426558096	1.3310366426558096	1.3310366426558096
	1	2	3	4	5	6	7	8	9	12	17	22	27	32	37	42	47	52	57	62	67	72	77	82	87	92	97	102	107	112	117	122	127	132	137	142	147	152	157	162	167	172	177	182	187	192	197	202	207	212	217
GU190728-CTD44B-125_MiFish_S47.1 - polya	0.0	0.0	0.0	0.0	0.0	0.0	0.0	0.0	0.0	0.0	0.0	0.0	0.0	0.0	0.0	0.0	0.0	0.0	0.0	0.000336912088405732	0.0011230402946857732	0.00168456044202866	0.007075153856520372	0.029872871838641575	0.043686267463276585	0.04548313193477382	0.04548313193477382	0.04548313193477382	0.04548313193477382	0.04548313193477382	0.04615695611158528	0.04727999640627105	0.047729212524145366	0.04851534073042542	0.049975293113516915	0.05165985355554557	0.05165985355554557	0.05165985355554557	0.05165985355554557	0.05177215758501415	0.058959615471003105	0.17620502223619783	0.29704415794438704	0.2997394546516329	0.30075019091685007	0.30097479897578727	0.30142401509366157	0.30849916895018187	0.3190557477202282	0.32040339607385115	0.3206280041327883
	1	2	3	4	5	6	7	8	9	12	17	22	27	32	37	42	47	52	57	62	67	72	77	82	87	92	97	102	107	112	117	122	127	132	137	142	147	152	157	162	167	172	177	182	187	192	197	202	207	212	217	220
GU190729-CTD46-240_MiFish_S48.1 - polya	0.0	0.0	0.0	0.0	0.0	0.0	0.0	0.0	0.0	0.0	0.0	0.0	0.0	0.0	0.0	0.0	0.0	0.0	0.0	0.00044619285942693965	0.000743654765711566	0.0020822333439923847	0.01665786675193908	0.08745380044768017	0.13936090309434748	0.15111064839259022	0.15378780554915186	0.15468019126800575	0.15557257698685964	0.15810100319027892	0.16107562225312522	0.1746101389890757	0.18055937711476822	0.1835339961776145	0.19498627956957262	0.20792587249295386	0.20911572011809237	0.2104542986963732	0.21194160822779634	0.21714719158777732	0.24614972745052838	0.618720765072023	1.0402242862773385	1.0867770746108827	1.1026912865971101	1.1095329104416565	1.1162258033330608	1.140171486788973	1.1920785894356403	1.2063567609373025	1.2106699585784295	1.2106699585784295
	1	2	3	4	5	6	7	8	9	12	17	22	27	32	37	42	47	52	57	62	67	72	77	82	87	92	97	102	107	112	117	122	127	132	137	142	147	152	157	162	167	172	177	182	187	192	197	202	207	212	217
GU190729-CTD47-140_MiFish_S49.1 - polya	0.0	0.0	0.0	0.0	0.0	0.0	0.0	0.0	0.0	0.0	0.0	0.0	0.0	0.0	0.0	0.0	0.0	0.0	0.0	0.0006564177967993068	0.0006564177967993068	0.0006564177967993068	0.22698927413320033	0.5759409749117118	0.5792230638957083	0.579616914573788	0.579616914573788	0.579616914573788	0.5797481981331478	0.5802733323705872	0.5802733323705872	0.5802733323705872	0.5802733323705872	0.5802733323705872	0.5802733323705872	0.5802733323705872	0.5802733323705872	0.5802733323705872	0.5802733323705872	0.5802733323705872	0.5802733323705872	0.5807984666080267	0.5847369733888226	0.5894631815257775	0.5894631815257775	0.5894631815257775	0.5894631815257775	0.5894631815257775	0.5897257486444973	0.5901195993225768	0.5901195993225768

