	1	2	3	4	5	6	7	8	9	12	17	22	27	32	37	42	47	52	57	62	67	72	77	82	87	92	97	102	107	112	117	122	127	132	137	142	147	152	157	162	167	172	177	182	187	192	197	202	207	212	217	222	227	230
Control10_20190721_MiFish_S52.1	36.77173913043478	36.294384057971016	38.067934782608695	38.36141304347826	36.958333333333336	37.21286231884058	36.572463768115945	36.70652173913044	35.977355072463766	36.51884057971015	36.18478260869565	36.094565217391306	36.459420289855075	36.50144927536232	34.69039855072464	36.96159420289855	36.7483695652174	35.07481884057971	35.58949275362319	35.12572463768116	34.98278985507246	35.74402173913044	36.11105072463768	35.8947463768116	36.15597826086956	36.228079710144925	35.5731884057971	35.74387277122999	34.696464188576606	35.53291024478695	35.94288304623753	35.809247506799636	35.27833182230281	35.55503173164098	34.36319129646418	35.404533091568446	33.41940163191296	32.69954669084315	34.13961922030825	33.13780598368087	34.06952565054853	32.509744757606505	32.653776435045316	31.21430010070494	33.07995971802619	31.427190332326283	33.661631419939575	30.72668680765357	31.031822759315208	30.834441087613293	31.624169184290032	30.807250755287008	33.395568982880164	30.454545454545453
	1	2	3	4	5	6	7	8	9	12	17	22	27	32	37	42	47	52	57	62	67	72	77	82	87	92	97	102	107	112	117	122	127	132	137	142	147	152	157	162	167	172	177	182	187	192	197	202	207	212	217	222	227
Control12_20190731_MiFish_S53.1	37.74390243902439	36.59756097560975	36.81707317073171	37.426829268292686	35.451219512195124	35.3780487804878	35.40243902439025	35.30487804878049	34.58536585365854	34.80243902439024	34.90243902439025	35.13658536585366	36.051219512195125	34.34390243902439	33.29024390243902	35.3170731707317	35.287804878048775	35.363414634146345	33.3829268292683	32.68780487804878	33.92926829268293	35.06341463414634	33.03414634146341	32.607317073170734	31.465853658536588	32.10487804878049	34.53414634146342	32.3	31.021951219512196	30.55121951219512	31.117073170731707	32.94878048780488	32.24390243902439	32.34634146341463	33.548780487804876	32.360975609756096	31.21951219512195	31.87560975609756	29.47073170731708	30.270731707317076	30.42712195121951	18.106617647058822	17.225	17.5375	20.35	18.825	16.8125	17.725	17.7875	17.6125	16.2625	16.55	17.1125
	1	2	3	4	5	6	7	8	9	12	17	22	27	32	37	42	47	52	57	62	67	72	77	82	87	92	97	102	107	112	117	122	127	132	137	142	147	152	157	162	167	172	177	182	187	192	197	202	207	212	217	222	227	230
Control9_20190715_MiFish_S51.1	36.73111359820929	36.32484611080022	38.17123670956911	38.65109121432569	37.031617235590375	37.334918858421936	36.762730833799665	36.851426972579745	35.47285954113038	36.39138220481254	36.47621712367096	36.77313933967544	36.46536094012312	35.7	33.993116955791834	37.13603805260213	36.27923894795747	34.61135982092893	35.83800727679821	35.44534005037783	34.98007276798209	35.37738595018192	36.65950181919955	35.465938986845785	36.17441925552757	36.306409179960816	35.934732717604255	36.23755947383151	35.34408060453401	36.080492583263364	36.48082843548839	33.44965015393227	34.072208228379516	35.4261404981808	34.80537363560033	32.7141337811363	33.01376994122586	32.923817520291074	34.864091799608175	33.18527847746991	33.999369205421274	32.664060915089024	32.209766289682065	30.061666189521908	33.263784712281705	31.666876610363584	33.64437446321214	32.25176066418552	31.334096764958485	31.31073575722875	32.503120526767816	32.32747195854803	32.350422197190674	33.054054054054056
	1	2	3	4	5	6	7	8	9	12	17	22	27	32	37	42	47	52	57	62	67	72	77	82	87	92	97	102	107	112	117	122	127	132	137	142	147	152	157	162	167	172	177	182	187	192	197	202	207	212	217	222	227	230
ExtNeg_20190910_MiFish_S55.1	37.12921348314607	37.247191011235955	38.42134831460674	37.853932584269664	36.80898876404494	36.87078651685393	36.01123595505618	35.79775280898876	35.43258426966292	35.35056179775281	35.285393258426964	32.20112359550562	33.53707865168539	30.539325842696634	32.09887640449438	33.62584269662921	31.77303370786517	33.317977528089884	31.92584269662921	30.87191011235955	31.70449438202247	31.847191011235953	29.080898876404497	29.517977528089887	29.313483146067416	29.567415730337082	29.69887640449438	27.602247191011237	27.33258426966292	26.817977528089887	26.78988764044944	26.98426966292135	29.302247191011237	27.561797752808985	27.256179775280902	25.99438202247191	26.939325842696626	28.253932584269666	25.620224719101124	24.26179775280899	25.04061188574523	22.933488897771042	18.760998790029458	18.035	19.6	19.200000000000003	18.5625	18.357499999999998	18.817500000000003	18.2625	17.7275	18.839082278481012	18.07179487179487	24.0
	1	2	3	4	5	6	7	8	9	12	17	22	27	32	37	42	47	52	57	62	67	72	77	82	87	92	97	102	107	112	117	122	127	132	137	142	147	152	157	162	167	172	177	182	187	192	197	202	207	212	217	222	227	230
ExtNeg_20190918_MiFish_S56.1	37.432291666666664	36.583333333333336	37.911458333333336	38.5	36.494791666666664	37.109375	35.703125	36.0625	35.5	35.7	34.70520833333333	33.090625	35.22604166666667	31.891666666666662	33.59166666666667	34.655208333333334	33.71145833333334	34.81041666666667	32.74166666666667	32.76770833333333	32.86458333333333	31.46666666666666	29.402083333333337	30.352083333333336	31.851041666666667	30.4875	31.32604166666667	29.90208333333333	29.71875	29.06354166666667	29.491666666666664	30.853125	30.61145833333333	29.82708333333333	29.929166666666667	29.495833333333337	29.415625	30.72291666666667	29.496875	28.703125	28.19396647200967	24.44025732681132	20.269395943028908	18.574193548387097	20.329032258064515	19.43225806451613	19.412903225806453	19.232258064516127	18.21290322580645	18.380645161290325	18.690322580645162	17.24516129032258	18.506021505376342	14.0
	1	2	3	4	5	6	7	8	9	12	17	22	27	32	37	42	47	52	57	62	67	72	77	82	87	92	97	102	107	112	117	122	127	132	137	142	147	152	157	162	167	172	177	182	187	192	197	202	207	212	217	222	227	230
ExtNeg_20191028_MiFish_S57.1	35.66	30.94	34.96	31.82	32.14	27.1	30.7	31.88	29.06	31.212	29.828000000000003	29.552	30.483999999999998	28.496000000000002	30.324	28.26	28.407999999999998	27.915999999999997	27.351999999999997	29.176	28.939999999999998	29.612000000000002	27.644	28.768	28.856	27.344	28.176	27.964	28.387999999999998	29.440000000000005	29.252	31.612000000000002	29.904000000000003	28.363999999999997	29.419999999999998	28.928000000000004	29.512	30.02	28.244	27.752	26.73773529411765	21.845108225108227	18.55019349845201	18.6625	19.425	18.6125	18.95	17.4375	17.2125	19.1375	17.7	18.625	17.35	14.0
	1	2	3	4	5	6	7	8	9	12	17	22	27	32	37	42	47	52	57	62	67	72	77	82	87	92	97	102	107	112	117	122	127	132	137	142	147	152	157	162	167	172	177	182	187	192	197	202	207	212	217	222	227
ExtNeg_20191031_MiFish_S58.1	37.8	37.12	38.76	33.76	29.08	36.16	35.12	28.08	29.32	29.968	30.127999999999997	31.120000000000005	31.24	32.52	32.568	30.135999999999996	30.656	32.392	29.648000000000003	30.879999999999995	32.352	31.672000000000004	30.904000000000003	29.912	32.28	30.568	30.248	30.008	28.919999999999998	29.375999999999998	31.04	32.632000000000005	30.776	29.8	30.472	31.607999999999997	31.432	32.08	30.528	30.127999999999997	29.708000000000006	24.18409090909091	18.15	17.433333333333334	21.5	19.5	17.8	17.7	20.199999999999996	18.366666666666667	17.533333333333335	17.7	17.4
	1	2	3	4	5	6	7	8	9	12	17	22	27	32	37	42	47	52	57	62	67	72	77	82	87	92	97	102	107	112	117	122	127	132	137	142	147	152	157	162	167	172	177	182	187	192	197	202	207	212	217	222	227	230
GU190706-CTD11-220_MiFish_S30.1	37.5445645641544	37.03833283251837	38.50064878301964	38.76296200180293	37.04181918758707	37.30629046357254	36.574845657934276	36.701573469555	35.847136476630155	37.00445884666867	36.224756877100006	37.07788537711367	37.787948343213046	37.25434274865462	37.033716912066005	36.72580312508536	36.90257259540525	36.934674379217086	37.21655216215478	37.066236648728385	37.334578769087884	37.21247234135548	37.085304040210886	37.09198035894774	37.063093807195344	36.674799901658155	37.10166020160079	36.192836752533665	35.513608736034094	35.350503319037344	36.24337421804573	37.03204032015734	36.52129442456361	35.62199784194279	36.97295667495288	37.17676810446089	36.84413773322042	36.870633348813065	34.94564905619144	34.956854563334886	35.05256113090094	29.373485935093505	21.243376828295606	19.146011247656737	23.313745468999226	20.345769070446018	17.886327636515215	20.03659858274281	20.195747342088808	20.121939759447326	18.611053180396244	20.50698644421272	18.76663144271572	23.071428571428573
	1	2	3	4	5	6	7	8	9	12	17	22	27	32	37	42	47	52	57	62	67	72	77	82	87	92	97	102	107	112	117	122	127	132	137	142	147	152	157	162	167	172	177	182	187	192	197	202	207	212	217	222	227	231
GU190707-CTD13-310_MiFish_S31.1	37.54102602967109	37.016447380581816	38.51366918177147	38.74657946979471	36.989870572534464	37.333631547621245	36.18991937123612	36.16393406260282	35.22293982602523	36.946152111468066	36.42768808757149	35.94548149900739	36.911541262629434	34.81424108776742	36.033665189150426	36.37182836165753	34.979691606993	36.4521303221084	35.83953064521495	34.1584419905434	34.20410722405628	33.633057423502486	30.321233719902846	30.297975962942566	30.90692682782561	29.77363317424464	29.350654161383222	27.723810439225286	28.26159209461033	28.42113427406386	28.251354718501727	28.50553532545407	30.791983704191143	29.066696734553545	26.601640671499705	26.78156813888406	29.398631818437572	29.25380022698958	27.25849676706211	27.51038200053975	26.356066777322088	25.573271124504917	20.328059994259416	18.1654471931437	16.68031819618586	17.242209067782447	20.288891230362356	17.035377280989316	17.853974135621208	17.803644358805258	17.428161979325825	18.032954039950518	17.337907621885005	18.09478853918625
	1	2	3	4	5	6	7	8	9	12	17	22	27	32	37	42	47	52	57	62	67	72	77	82	87	92	97	102	107	112	117	122	127	132	137	142	147	152	157	162	167	172	177	182	187	192	197	202	207	212	217	222	227	232	237	242	245
GU190707-CTD14-315_MiFish_S32.1	37.54894221168248	37.05004732484606	38.50445685638209	38.74992979281078	36.87064195373606	37.25904112581129	36.21320623231819	36.55863600432684	35.89559930936928	37.14847780412714	36.26936210267932	36.64158553835913	37.70614546929606	36.506813737726745	37.13833000499251	36.542397861541026	36.42504732484607	36.50208957397238	36.82092850307872	36.65317336495257	36.58680312864037	36.115005096521884	35.52166073805957	36.05344015227159	37.14585257530371	36.20299914711266	36.657454963388254	36.00602634330753	34.87714281999611	35.1780048105051	35.208874211792235	36.115067282064615	35.329280374439314	34.63607046739908	35.634648638107	35.57954417213808	35.57310277579146	35.12220815185595	33.8352201781187	33.907229619630634	34.16486999515316	27.431699801529106	18.714784802726037	17.91227980597396	21.149808526933878	21.326528118938796	17.65961292958178	19.552155866213365	18.661188846900213	19.11405769451226	18.375266197717977	19.597456198600398	18.259797939074403	24.900549450549452	32.0	37.0	37.0
	1	2	3	4	5	6	7	8	9	12	17	22	27	32	37	42	47	52	57	62	67	72	77	82	87	92	97	102	107	112	117	122	127	132	137	142	147	152	157	162	167	172	177	182	187	192	197	202	207	212	217	222	227	230
GU190708-CTD16-252_MiFish_S33.1	37.38420607443544	36.93585254544024	38.43434278857502	38.703202454953185	36.99144798961366	37.24519041624046	36.41668305924935	36.47429479109292	35.354055197104415	37.005470532693366	36.308717247619796	36.378073609253285	37.51259245416634	36.134718506570145	36.74690278542765	36.54541073255173	36.22769002281847	36.45598198127311	36.54185518136753	36.07906896687386	36.2513081280982	35.91523034857188	34.51039715949328	34.64537630812809	35.62376465496892	34.55569871744433	34.86800692422693	33.85323687937682	33.33617515146746	33.47980073176489	33.27902569045558	34.408230387914074	34.363299630183334	33.27025139664804	33.551725155401684	33.55214808403493	34.16018372806672	34.072196868361004	32.479154536155484	32.39165263096525	32.50602023607745	26.98373371505741	20.734560712203706	18.863128973153596	18.00653078556263	18.3175966029724	20.629095541401274	18.2899957537155	18.40416985138004	18.55627176220807	17.904220806794054	18.69269670304677	17.52201162644189	17.568345323741006
	1	2	3	4	5	6	7	8	9	12	17	22	27	32	37	42	47	52	57	62	67	72	77	82	87	92	97	102	107	112	117	122	127	132	137	142	147	152	157	162	167	172	177	182	187	192	197	202	207	212	217	222	227	232	235
GU190708-CTD17-171_MiFish_S34.1	37.570115593245795	37.177335405269574	38.552144049634045	38.7755145661354	37.067051014690335	37.32336069598572	36.559856042794344	36.630338461182966	35.83197675426182	37.086640054994895	36.46223665131971	36.846380562311175	37.70655374999278	36.61926554096599	36.696376229730745	36.51040108141208	36.405352758698385	36.71099724447885	36.741534426684076	36.26113675356861	36.33680324885764	36.332177208316246	35.12995661642799	34.94379314528009	35.11962890004448	34.59684703680383	34.67925618259226	33.74129526824449	33.054343267458854	33.209687649835075	33.644255864869706	34.25304233797594	34.37678776710358	33.53781880570976	34.36359708157382	34.116020727064765	34.226090221654815	34.43937449092179	32.951400001155356	32.819411115668345	32.34782817312811	24.56788279327384	18.268892727884513	18.10498270473469	17.089202850517147	17.19160478728051	19.554291789519105	17.488480188720455	17.532287798698178	17.90556987462321	17.289246779125854	17.759658120931057	16.821537736799353	17.501639344262294	13.0
	1	2	3	4	5	6	7	8	9	12	17	22	27	32	37	42	47	52	57	62	67	72	77	82	87	92	97	102	107	112	117	122	127	132	137	142	147	152	157	162	167	172	177	182	187	192	197	202	207	212	217	222	227	231
GU190709-CTD20-280_MiFish_S35.1	37.56975040209686	36.9831059748615	38.50395345604734	38.75413117293144	37.10647127737734	37.31852425487977	36.37907904926431	36.23986418061595	35.00185460971784	36.963226306070176	36.5300736681162	36.17146442683823	37.237201008717065	34.94158575087866	36.26931157046128	36.50732034709398	35.135363475705404	36.632193959611605	36.315069994638705	34.91982208454955	35.06513135164115	34.74296538988503	30.91254820198169	31.1564321598062	31.822458648557415	30.629340958281205	29.956691884593237	28.44869065930785	28.75532874775619	29.167855951454307	29.077787485504597	29.09590951692586	31.713373099712477	29.88858874362599	27.714837730933585	27.34029244968309	30.24734078886753	30.023053644898415	28.202281139298822	28.63709710727391	26.758140669938008	26.148718396214974	20.817822899209126	18.62550414226785	16.63589697955863	17.153892143409166	21.346224685870453	17.155672514619887	18.080363177569065	18.18198230268511	17.504705618992933	18.340846679518574	16.970143379804455	18.298914223669925
	1	2	3	4	5	6	7	8	9	12	17	22	27	32	37	42	47	52	57	62	67	72	77	82	87	92	97	102	107	112	117	122	127	132	137	142	147	152	157	162	167	172	177	182	187	192	197	202	207	212	217	222	227	230
GU190710-CTD22-245_MiFish_S36.1	37.48889310402967	36.99240853144495	38.48424801888383	38.76725678637666	36.990912156466024	37.25047631090879	36.56684791772045	36.693622491991235	35.94560360816051	37.10126960040465	36.304242117686734	37.064745405496545	37.814271623672234	37.08441999662789	37.04604535491485	36.651015848929354	36.81760748609004	36.910184623166415	37.259999156971844	36.86483055134041	37.122828359467206	37.02316978587085	36.78657140448491	36.62592227280391	36.89712527398415	36.497592311583205	36.84744815376833	36.019490661568526	35.33772187540834	35.066680436184605	36.148251341474214	36.62796842003212	36.505745682623854	35.22444117535481	36.47684065436121	37.069259270187445	36.78551755824295	36.63397080581186	34.84020418228032	34.636203996813336	34.993502930920606	29.60465759744587	20.949901460967247	18.725741675582736	21.61282423279234	20.726199896783076	18.163805264063306	19.65540080975207	19.446209949258492	19.122491825847526	18.329685080020653	18.94423020498544	18.21897757883307	17.85185185185185
	1	2	3	4	5	6	7	8	9	12	17	22	27	32	37	42	47	52	57	62	67	72	77	82	87	92	97	102	107	112	117	122	127	132	137	142	147	152	157	162	167	172	177	182	187	192	197	202	207	212	217	222	227	232
GU190710-CTD23-190_MiFish_S37.1	37.553157518413364	37.19376896003554	38.53424086967991	38.782288463273936	37.103336966255476	37.33709815137484	36.64897641840156	36.80108709988685	35.901480705018294	37.19435902063824	36.42156845050086	36.942836317188814	37.811398582466175	36.91946158705476	36.62670683706691	36.77139802711501	36.98470562917815	36.89327400331822	37.06060269484148	36.79035910394091	36.881656057145634	36.80949650475866	35.790606235205104	34.6984582063546	33.55689503168973	31.21300910081706	31.76873928345817	31.14297793173346	30.156824224417402	30.053610823794024	30.4522502134631	32.045066746267004	30.919319972510117	30.061421837795812	31.242010926533982	31.318513324956786	30.856827695362124	31.42455068620577	29.41005046753626	29.495664330934943	29.513720069057	17.678733683717745	15.608595079519182	16.504682565111914	18.33778093102028	16.792937342189028	16.820236706536985	16.59322910705702	16.769176185135166	17.23299223954399	16.43343184476246	16.721296405486182	16.595160451280957	20.997266881028942
	1	2	3	4	5	6	7	8	9	12	17	22	27	32	37	42	47	52	57	62	67	72	77	82	87	92	97	102	107	112	117	122	127	132	137	142	147	152	157	162	167	172	177	182	187	192	197	202	207	212	217	222	227	230
GU190714-CTD25-185_MiFish_S38.1	37.528858779357385	37.007718623352474	38.457272540154584	38.743376179086255	37.01562888149163	37.28578779641288	36.542993619271364	36.69956988636767	35.88440518691489	37.20463685207924	36.40184253298603	36.810586757326476	37.81117443733898	36.90771862335247	37.135904551681065	36.523302080302074	36.76241403050542	36.68108422703754	37.11422923779038	36.90378372239927	36.91625701773687	36.827466942999294	36.124191407663965	36.5945100182408	36.921176353686846	36.57029305927193	37.0514063864067	36.07247414704776	35.579717232225875	35.60457368357548	35.76024713789898	36.591137245995185	35.586352764154356	34.945068953035275	36.04488583535023	36.34046120105329	35.91291689438084	36.00223219038561	34.34220081906127	34.60439326828475	34.99362626633932	28.328343875505546	21.391218691089176	19.437440890125174	22.04781641168289	19.88133518776078	19.087677329624476	19.517385257301807	20.341216971880964	19.803733527246802	18.335633783219702	19.452650619173507	18.27500954566936	19.685714285714287
	1	2	3	4	5	6	7	8	9	12	17	22	27	32	37	42	47	52	57	62	67	72	77	82	87	92	97	102	107	112	117	122	127	132	137	142	147	152	157	162	167	172	177	182	187	192	197	202	207	212	217	222	227	232	237
GU190714-CTD26-260_MiFish_S39.1	37.39868299445472	37.08174676524954	38.49747227356747	38.75989371534196	36.97271719038817	37.317841959334565	36.42732439926063	36.50314695009242	35.829426987061	37.22639741219963	36.31529112754159	36.59691404805915	37.55072828096118	36.087261552680225	36.637063770794825	36.45411367837339	36.03724953789279	36.5543853974122	36.825339186691316	36.14257670979667	36.3277292051756	36.29048151571165	34.25771534195933	34.69502865064695	35.02282162661738	34.64927541589649	34.8619023193268	33.55469017879011	32.370101525422946	32.59469683316466	31.991865951321397	33.40888728690983	33.04459632438228	31.924631814379914	32.11568999856746	30.05424978858498	31.65416476046562	30.09591449128693	28.374194889994868	27.30304761112575	26.102757331413443	21.057185279916173	17.503530769965337	16.20344067271602	17.038124629891133	19.522705325012527	17.606299822347744	17.21170227303785	17.01678186510034	17.185924076515146	17.249341153692843	16.86330219778428	16.722992228302466	15.730519962859796	13.4
	1	2	3	4	5	6	7	8	9	12	17	22	27	32	37	42	47	52	57	62	67	72	77	82	87	92	97	102	107	112	117	122	127	132	137	142	147	152	157	162	167	172	177	182	187	192	197	202	207	212	217	222	227	232	237	242	245
GU190715-CTD28-310_MiFish_S40.1	37.53465175878257	37.06904497312499	38.47269634635883	38.76088721565782	36.86606037239471	37.243571541968116	36.32683645930193	36.5133740049441	35.60054883995192	36.59036400335654	35.88055065429887	36.28351529721271	37.30924636563627	35.65265960583313	36.86520944367586	36.342281994874476	35.72700610074161	36.556567255573455	36.41256344544486	36.16935386569297	36.65227496428004	35.784157122445734	35.42222212142517	35.7386242714263	36.87284693715556	35.71957453564058	35.71440908987821	35.73648878506793	35.17105028008981	34.99850497811444	35.03471662168598	35.849257705304694	35.63766856417118	34.22259859841698	34.28657519334134	35.46097587330067	35.31562173980096	34.43369106694124	34.32460741533688	33.100571527065895	33.80165914082919	31.259827331538382	22.18487826536107	19.72617341273847	20.5817305626355	22.786169997981023	20.310054512416716	20.153704825358368	19.88252362880571	21.50568514591538	20.437988488336867	19.587160237660523	20.395969690199063	33.78181818181818	26.6	34.2	37.0
	1	2	3	4	5	6	7	8	9	12	17	22	27	32	37	42	47	52	57	62	67	72	77	82	87	92	97	102	107	112	117	122	127	132	137	142	147	152	157	162	167	172	177	182	187	192	197	202	207	212	217	222	227	232	237	242
GU190721-CTD31-205_MiFish_S41.1	37.48808094067702	36.95920846832756	38.46482236621606	38.71713356049603	37.009209864819574	37.257527091945036	36.438854597251705	36.57356719919562	35.54375209473802	36.85357222656687	36.179094514579376	36.90896827170148	37.65715143559378	36.94422271254608	36.97521366327784	36.65004468774438	36.6099765389342	36.815868338733104	37.04374790526198	36.829404535806056	37.18048262763937	36.90205423974975	36.67674282203106	36.832406993632	36.78699726287566	36.30309602279075	36.656006312143894	35.77905680929505	35.00284605072059	35.02437995754664	35.77988911853424	36.50670455814993	36.282474025248575	35.225328175622835	36.25214221874651	36.49393782817562	36.37791308233717	36.21892944922355	34.39945816109932	34.31689411483226	34.55902965347181	29.482642334013967	22.240511758878544	19.171791796593908	20.981770208683137	19.83597985128328	20.51190019193858	18.939443378119	19.81299531124104	19.633318161480663	18.52452558251261	19.507508654708886	18.025085759121872	17.46	13.6	13.0
	1	2	3	4	5	6	7	8	9	12	17	22	27	32	37	42	47	52	57	62	67	72	77	82	87	92	97	102	107	112	117	122	127	132	137	142	147	152	157	162	167	172	177	182	187	192	197	202	207	212	217	222	227	232	236
GU190722-CTD33-205_MiFish_S42.1	37.56838672981512	37.20061834421161	38.552753546468736	38.7702946990218	37.11140332599355	37.34785522410754	36.63500233709333	36.77792544953849	35.859611085143406	37.061307308062695	36.361372070889956	37.16264930647459	37.86826339886581	37.323321938830105	37.196356387022654	36.813177827460564	37.02978752161108	36.91738290599254	37.18223133281898	37.07368320277523	37.31659786789509	37.17446317247749	37.0022976724803	36.98585241959554	37.008050864161376	36.64244837276357	36.99386386290554	36.223600700564845	35.33694803768633	35.39264406913291	36.07912891181555	36.950402937416584	36.42488807293984	35.60880999712791	36.79982542194389	36.99701302577561	36.769498397823966	36.68065055667874	34.993450507121096	34.800577797050195	35.02552158219004	25.23758526244006	18.555111519869293	18.364180593664255	21.014787424402876	19.16365698849369	18.005141003244322	19.09889901162354	18.746881030014464	18.8752123938031	17.59265367316342	18.610089516382097	17.3686244208307	14.352380952380951	13.0
	1	2	3	4	5	6	7	8	9	12	17	22	27	32	37	42	47	52	57	62	67	72	77	82	87	92	97	102	107	112	117	122	127	132	137	142	147	152	157	162	167	172	177	182	187	192	197	202	207	212	217	222	227	232	237	242	245
GU190724-CTD36-310_MiFish_S43.1	37.55606763175752	36.93766964487673	38.489248755937574	38.752636564125766	37.045825322325264	37.31342597828546	36.393081316444245	36.4858629269396	35.35183640579054	37.016333974213985	36.422506220312144	36.51233035512327	37.44647845510066	35.76254523863379	36.73240641257634	36.646489764759096	35.88210387921285	36.70405733996833	36.605254750056545	35.78082306039358	35.9110961886451	35.66749745532685	33.26634387016512	33.354795295182086	34.29200265776974	33.22933725401492	32.92056661388826	32.03052759556661	31.70670521375255	31.836971273467544	31.902201142275505	32.33027595566614	33.442261366206736	32.222224892558245	31.361797387468897	31.31519593983262	32.65384952499434	32.492802764401624	31.004277908546623	31.19767726247782	30.22885046400147	26.432794864710132	20.270695692198426	18.71745248797881	16.84061175045427	17.30255930506357	21.591436359506325	17.341750586810026	18.15643976679034	18.223010524721737	17.535867343075644	18.357435935925263	17.105919960097623	19.869811320754717	24.466666666666665	28.3	26.5
	1	2	3	4	5	6	7	8	9	12	17	22	27	32	37	42	47	52	57	62	67	72	77	82	87	92	97	102	107	112	117	122	127	132	137	142	147	152	157	162	167	172	177	182	187	192	197	202	207	212	217	222	227	230
GU190727-CTD40-210_MiFish_S44.1	37.4397958653769	36.99700218580783	38.49616893509142	38.76751596867166	37.09602447349413	37.31290098715425	36.64595578342091	36.78492217485518	35.85247449497453	37.078678695691174	36.28735961023695	37.135235883127734	37.887179269288694	37.34140524310621	37.17254663135383	36.79181195443322	37.01914446631826	37.03715212372711	37.31421058346434	37.12991818563788	37.32916283088079	37.19063548939907	37.09546739936078	37.049182092427095	37.08544573012119	36.67048498496372	37.01134826103173	36.24772370004905	35.29288565658098	35.46327527189631	36.28250381650437	37.03099570465471	36.47591287939846	35.70783592349924	36.948431203360414	37.23145463337853	36.787680039445114	36.772143785024134	34.85792647658421	34.821404663246824	35.043800488123566	24.13894619959469	18.916192638645462	18.572430240877654	21.69609299759869	19.254486007821193	18.379098067287043	19.095347172512525	19.576706443914084	19.12926014319809	17.79379474940334	18.730310262529834	17.425313508870282	20.333333333333332
	1	2	3	4	5	6	7	8	9	12	17	22	27	32	37	42	47	52	57	62	67	72	77	82	87	92	97	102	107	112	117	122	127	132	137	142	147	152	157	162	167	172	177	182	187	192	197	202	207	212	217	222	227	230
GU190727-CTD41B-145_MiFish_S45.1	37.57030622214257	37.20434850473179	38.560385942802306	38.7969175449043	37.173153966666476	37.37676249718174	36.71620254481758	36.8458136536805	35.82345833887351	37.11354557489637	36.34794165765787	37.22821151700496	37.942650842009726	37.47711340682973	37.264421692806636	36.862013307973804	37.107636187051604	37.09920857445123	37.38124280982085	37.20292174194556	37.467019696032466	37.380312061001625	37.17766665317755	37.01948444608884	37.024147439862645	36.60096890373976	36.964680105677566	36.17833494239186	35.31477925066048	35.45473728024789	36.25031246567503	37.02216569641402	36.65256129356743	35.851199278525144	36.94703403303291	37.19129605327815	36.9168638967736	36.921817099185446	35.034378739615796	34.923763000132965	35.0523764413982	23.09311041073627	18.970999619651288	18.7255239355835	19.303860577983677	18.40992720052945	19.500683873814253	18.39563054224887	18.598278905560456	18.38667255075022	17.384245366284205	18.60785525154457	16.995665263576324	17.107142857142858
	1	2	3	4	5	6	7	8	9	12	17	22	27	32	37	42	47	52	57	62	67	72	77	82	87	92	97	102	107	112	117	122	127	132	137	142	147	152	157	162	167	172	177	182	187	192	197	202	207	212	217	222	227	232	237	242	246
GU190728-CTD43-245_MiFish_S46.1	37.4290859469375	36.9461918184123	38.48882973170477	38.750689752882046	37.0825466422084	37.29912904717164	36.322864003102026	36.27767586834295	35.111762337255605	36.8342296392406	36.395609443276214	36.28929205255544	37.28328337285431	35.32200647249191	36.26879035986458	36.52086558394106	35.41864495250026	36.619911115088065	36.371779040460524	35.12488479262673	35.35758429898736	35.113772687277226	32.021272724561165	31.90024010857083	32.53821007262911	31.46013004638122	30.858828091211432	29.60723159291903	29.868436908117463	30.014257378491642	30.065849402711287	30.362598243180763	32.26693361967399	30.63343623700655	28.92982566029857	29.02750958197247	31.252017061130744	31.05625848209625	29.278397685413033	29.270046082949307	28.100113097157184	25.777112678234527	20.463913025844104	18.19585042555148	16.358742056379338	17.309819049060998	21.318867624500644	17.125312330255294	18.0733532919432	17.955555555555556	17.52040522556289	18.179895405729468	17.212587204535374	26.675630252100838	12.4	23.8	28.666666666666668
	1	2	3	4	5	6	7	8	9	12	17	22	27	32	37	42	47	52	57	62	67	72	77	82	87	92	97	102	107	112	117	122	127	132	137	142	147	152	157	162	167	172	177	182	187	192	197	202	207	212	217	222	227	230
GU190728-CTD44B-125_MiFish_S47.1	37.50683370019316	37.089961142805805	38.51860877768294	38.77208458739499	37.03306792147702	37.34384686222542	36.47049773145861	36.49556399083599	35.56536656035219	36.996838641570456	36.248217735052336	36.85236175373973	37.63936256232874	36.69815709087642	36.84834688468622	36.706086878397194	36.41901082610845	36.90351174700148	36.94688793146436	36.54289019288542	36.86139427801331	36.69116882387624	35.732344666872564	35.731853889996344	35.796166998905015	35.23169160794003	35.24990089002442	34.22278350226016	33.62623578628184	33.88445517589915	34.49890333267822	35.023865008282556	35.44502793609793	34.394983294494196	34.59029115310104	34.76178454108993	35.320744588258414	35.15947890052503	33.31967206670972	33.205111042479714	32.90431965287493	27.254050444827577	21.111063368750262	18.80066475521657	17.409705864216562	17.78434975642844	21.538767959548622	17.571148118467693	18.56083893468895	18.413237108314828	17.872156427337774	18.524153736816533	17.55394814269468	19.559633027522935
	1	2	3	4	5	6	7	8	9	12	17	22	27	32	37	42	47	52	57	62	67	72	77	82	87	92	97	102	107	112	117	122	127	132	137	142	147	152	157	162	167	172	177	182	187	192	197	202	207	212	217	222	227	230
GU190729-CTD46-240_MiFish_S48.1	37.378326925508105	36.97541477344558	38.4789731614995	38.73920771021261	37.01161588744041	37.28864216076329	36.1837794022503	36.11441872225238	34.94589911579448	36.92271344750913	36.43931107822504	36.21051825300622	37.31708100631363	35.06780197960899	36.201157126815446	36.55747038394896	35.313115839102856	36.5756289460181	36.34640777565423	34.725482817856644	34.938257319422036	34.567435357809494	30.715714168854255	30.979375478727754	31.860241985260757	30.539316283808404	29.694667251675078	28.257002625101325	28.312149087907432	28.613640115712684	28.55640695763399	28.818973607692364	31.5506614809141	29.763346743907608	27.716475671334337	27.030573134727934	30.234861048107025	29.89783224635795	28.114140595370003	28.138629146804885	25.95030198363794	25.135876729209723	20.23844256337451	18.74423892223727	16.687363183543567	17.310959985145296	21.944099111746645	17.33881113200102	18.21925121277534	18.239379801777964	17.656390806291796	18.48910620680885	17.337955294410758	18.029535864978904
	1	2	3	4	5	6	7	8	9	12	17	22	27	32	37	42	47	52	57	62	67	72	77	82	87	92	97	102	107	112	117	122	127	132	137	142	147	152	157	162	167	172	177	182	187	192	197	202	207	212	217	222	227	230
GU190729-CTD47-140_MiFish_S49.1	37.48263774927466	36.86430531304565	38.44873377006997	38.698362894014785	36.952284990350655	37.233363090940124	36.347855483057856	36.595574431213976	35.69248795473343	37.175074503419935	36.2634742881149	36.74343385277862	37.70946948313663	36.83875884522981	37.027005028160325	36.46410444919982	36.63389347651994	36.33235220753305	36.54165627338488	36.47468852975542	36.62685930340943	36.55023171548227	35.97005553294561	36.344064013863544	36.59238161505035	36.24796050990535	36.83508946974571	35.532587205104306	35.01562011789264	34.94378831838888	34.84911580522771	36.07847212193617	35.13816019219913	34.492066534507885	35.70829974662273	35.317643197542374	35.12964120203227	35.26717911016003	33.94989169106352	33.79910587203935	34.39693233036521	25.553389156402275	18.528541290718778	18.035809534255776	21.89396199584219	18.55871733547996	17.79183086437509	19.8489860491874	18.809032072486694	18.753228822091188	18.376528117359413	17.697080396950955	17.564739856299543	19.5625
	1	2	3	4	5	6	7	8	9	12	17	22	27	32	37	42	47	52	57	62	67	72	77	82	87	92	97	102	107	112	117	122	127	132	137	142	147	152	157	162	167	172	177	182	187	192	197	202	207	212	217	222	227	230
GU190731-CTD50-150_MiFish_S50.1	37.5636913499851	37.10313903820046	38.550176046622	38.763501506605884	37.080722067085354	37.33358903323363	36.592813545104356	36.73459454089911	36.00898444829527	37.0486716482158	36.38021434642002	37.094004481186744	37.86497058531363	37.275054359223404	37.11976357876845	36.791340051434304	36.93575346850476	36.9441584529972	37.14914956788557	37.00878467125087	37.271378903102615	37.07786889769429	36.98579265129524	36.85434045981832	36.874466065495966	36.542127570335865	36.89214688579596	35.93032416860741	35.337359411044034	35.17449255526981	35.96194302491142	36.70773722144347	36.280486970342494	35.4472246443196	36.647975187911825	36.84190682222051	36.61507157757641	36.58038101124712	34.825286696614825	34.74874118387214	34.79569445522841	27.99856022308349	21.523415469953015	18.637254901960784	20.163404255319147	18.80127218869566	19.163649824171756	18.739218952433834	18.758847113367967	18.729346417330124	18.28550268468802	18.275086545784863	17.700780676363426	21.81756756756757
	1	2	3	4	5	6	7	8	9	12	17	22	27	32	37	42	47	52	57	62	67	72	77	82	87	92	97	102	107	112	117	122	127	132	137	142	147	152	157	162	167	172	177	182	187	192	197	202	207	212	217	222	227	230
PCRNeg_MiFish_S54.1	36.06072874493927	36.064777327935225	37.0	37.32793522267207	35.61943319838057	35.7246963562753	34.75708502024292	34.979757085020246	34.072874493927124	34.49473684210526	34.29797570850202	32.94655870445344	34.552226720647774	32.563562753036436	32.657489878542506	33.068825910931174	33.064777327935225	33.883400809716605	32.52712550607288	31.937651821862346	32.68663967611336	32.58947368421053	31.295546558704455	30.974898785425104	31.257489878542508	30.8914979757085	31.764372469635628	30.326315789473682	30.226720647773277	29.224291497975706	29.824291497975707	31.168421052631583	31.43238866396761	29.99838056680162	30.69635627530364	30.59433198380567	30.731174089068826	31.645344129554655	29.114979757085017	29.03400809716599	29.43311518564131	22.32801549158433	19.334682957005874	18.388461538461538	19.0	19.14230769230769	17.4	18.56923076923077	19.561538461538465	18.9	18.60769230769231	18.034615384615385	18.028784313725488	24.5

