	102	107	112	117	122	127	132	137	142	147	152	157	162	167	172	177	182	187	192	197	202	207	212	217	222	227	230
Control10_20190721_MiFish_S52.1	1.0	0.0	0.0	0.0	0.0	0.0	0.0	0.0	0.0	0.0	0.0	0.0	0.0	87.0	23.0	0.0	0.0	0.0	0.0	0.0	0.0	0.0	0.0	0.0	0.0	982.0	11.0
	168	170	172	174	176	178	180	182	184	186	188	190	192	194	196	198	200	202	204	206	208	210	212	214	216	218	220	222	224	226	228
Control12_20190731_MiFish_S53.1	65.0	1.0	0.0	0.0	0.0	0.0	0.0	0.0	0.0	0.0	0.0	0.0	0.0	0.0	0.0	0.0	0.0	0.0	0.0	0.0	0.0	0.0	0.0	0.0	0.0	0.0	0.0	0.0	0.0	0.0	16.0
	52	57	62	67	72	77	82	87	92	97	102	107	112	117	122	127	132	137	142	147	152	157	162	167	172	177	182	187	192	197	202	207	212	217	222	227	231
Control9_20190715_MiFish_S51.1	1.0	0.0	0.0	0.0	0.0	0.0	0.0	0.0	0.0	0.0	0.0	0.0	0.0	0.0	0.0	0.0	0.0	0.0	0.0	0.0	0.0	0.0	0.0	34.0	21.0	25.0	0.0	0.0	0.0	0.0	0.0	0.0	0.0	0.0	17.0	3439.0	37.0
	168	170	172	174	176	178	180	182	184	186	188	190	192	194	196	198	200	202	204	206	208	210	212	214	216	218	220	222	224	226	228	230
ExtNeg_20190910_MiFish_S55.1	62.0	5.0	4.0	10.0	16.0	1.0	0.0	0.0	0.0	0.0	0.0	0.0	0.0	0.0	0.0	0.0	0.0	0.0	0.0	0.0	0.0	0.0	0.0	0.0	0.0	0.0	0.0	1.0	1.0	0.0	77.0	1.0
	164	166	168	170	172	174	176	178	180	182	184	186	188	190	192	194	196	198	200	202	204	206	208	210	212	214	216	218	220	222	224	226	228	230
ExtNeg_20190918_MiFish_S56.1	1.0	0.0	106.0	21.0	22.0	3.0	7.0	1.0	0.0	0.0	0.0	0.0	0.0	0.0	0.0	0.0	0.0	0.0	0.0	0.0	0.0	0.0	0.0	0.0	0.0	0.0	0.0	0.0	0.0	0.0	1.0	0.0	29.0	1.0
	164	166	168	170	172	174	176	178	180	182	184	186	188	190	192	194	196	198	200	202	204	206	208	210	212	214	216	218	220	222	224	226	228	230
ExtNeg_20191028_MiFish_S57.1	2.0	0.0	23.0	3.0	1.0	2.0	3.0	0.0	0.0	0.0	0.0	0.0	0.0	0.0	0.0	0.0	0.0	0.0	0.0	0.0	0.0	0.0	0.0	0.0	0.0	0.0	0.0	0.0	0.0	0.0	0.0	0.0	15.0	1.0
	168	170	172	174	176	178	180	182	184	186	188	190	192	194	196	198	200	202	204	206	208	210	212	214	216	218	220	222	224	226	228
ExtNeg_20191031_MiFish_S58.1	14.0	3.0	0.0	0.0	2.0	0.0	0.0	0.0	0.0	0.0	0.0	0.0	0.0	0.0	0.0	0.0	0.0	0.0	0.0	0.0	0.0	0.0	0.0	0.0	0.0	0.0	0.0	0.0	0.0	0.0	6.0
	164	166	168	170	172	174	176	178	180	182	184	186	188	190	192	194	196	198	200	202	204	206	208	210	212	214	216	218	220	222	224	226	228	230
GU190706-CTD11-220_MiFish_S30.1	9.0	89.0	277457.0	223.0	5709.0	4481.0	87.0	0.0	0.0	0.0	0.0	0.0	3.0	0.0	0.0	0.0	0.0	0.0	0.0	0.0	1.0	0.0	0.0	2.0	0.0	0.0	0.0	0.0	0.0	0.0	4.0	9.0	4768.0	14.0
	146	148	150	152	154	156	158	160	162	164	166	168	170	172	174	176	178	180	182	184	186	188	190	192	194	196	198	200	202	204	206	208	210	212	214	216	218	220	222	224	226	228	230	232
GU190707-CTD13-310_MiFish_S31.1	2.0	0.0	0.0	0.0	0.0	0.0	0.0	0.0	0.0	11.0	23.0	43775.0	198.0	6911.0	35757.0	81814.0	7092.0	6.0	0.0	0.0	0.0	0.0	1.0	2.0	0.0	0.0	0.0	0.0	1.0	1.0	2.0	1.0	1.0	0.0	0.0	0.0	1.0	0.0	53.0	862.0	3204.0	90038.0	739.0	4.0
	102	107	112	117	122	127	132	137	142	147	152	157	162	167	172	177	182	187	192	197	202	207	212	217	222	227	232	237	242	246
GU190707-CTD14-315_MiFish_S32.1	1.0	0.0	0.0	0.0	0.0	0.0	0.0	0.0	0.0	0.0	0.0	0.0	4.0	275266.0	87048.0	2672.0	0.0	0.0	2.0	0.0	1.0	0.0	3.0	2.0	7.0	19479.0	89.0	1.0	0.0	1.0
	160	162	164	166	168	170	172	174	176	178	180	182	184	186	188	190	192	194	196	198	200	202	204	206	208	210	212	214	216	218	220	222	224	226	228	230
GU190708-CTD16-252_MiFish_S33.1	1.0	1.0	2.0	83.0	94013.0	53454.0	9445.0	5414.0	14410.0	2967.0	4.0	0.0	0.0	0.0	0.0	0.0	0.0	0.0	0.0	0.0	0.0	0.0	0.0	0.0	0.0	0.0	0.0	0.0	0.0	0.0	0.0	7.0	393.0	1307.0	21704.0	139.0
	164	166	168	170	172	174	176	178	180	182	184	186	188	190	192	194	196	198	200	202	204	206	208	210	212	214	216	218	220	222	224	226	228	230	232	234
GU190708-CTD17-171_MiFish_S34.1	3.0	71.0	108620.0	20236.0	12793.0	131.0	6871.0	1479.0	4.0	2.0	1.0	2.0	0.0	0.0	0.0	2.0	0.0	1.0	0.0	0.0	0.0	0.0	0.0	0.0	0.0	0.0	0.0	1.0	0.0	10.0	491.0	1763.0	20443.0	181.0	1.0	1.0
	102	107	112	117	122	127	132	137	142	147	152	157	162	167	172	177	182	187	192	197	202	207	212	217	222	227	231
GU190709-CTD20-280_MiFish_S35.1	1.0	0.0	0.0	0.0	0.0	0.0	0.0	0.0	0.0	0.0	0.0	0.0	2.0	33536.0	29658.0	109935.0	9.0	0.0	3.0	1.0	0.0	4.0	0.0	4.0	399.0	77639.0	614.0
	102	107	112	117	122	127	132	137	142	147	152	157	162	167	172	177	182	187	192	197	202	207	212	217	222	227	230
GU190710-CTD22-245_MiFish_S36.1	1.0	0.0	0.0	0.0	0.0	0.0	0.0	0.0	0.0	0.0	0.0	0.0	0.0	169111.0	58989.0	3319.0	6.0	1.0	0.0	0.0	1.0	1.0	0.0	0.0	20.0	5764.0	27.0
	162	164	166	168	170	172	174	176	178	180	182	184	186	188	190	192	194	196	198	200	202	204	206	208	210	212	214	216	218	220	222	224	226	228	230	232	234
GU190710-CTD23-190_MiFish_S37.1	4.0	42.0	148.0	97046.0	133.0	175.0	2773.0	35.0	3.0	0.0	0.0	0.0	0.0	0.0	0.0	2.0	0.0	3.0	2.0	0.0	0.0	0.0	0.0	4.0	0.0	0.0	2.0	0.0	1.0	0.0	55.0	483.0	2104.0	40727.0	309.0	1.0	1.0
	162	164	166	168	170	172	174	176	178	180	182	184	186	188	190	192	194	196	198	200	202	204	206	208	210	212	214	216	218	220	222	224	226	228	230
GU190714-CTD25-185_MiFish_S38.1	1.0	15037.0	4088.0	233362.0	9718.0	5892.0	2699.0	3762.0	37.0	0.0	0.0	0.0	0.0	0.0	0.0	0.0	0.0	0.0	0.0	0.0	0.0	0.0	0.0	2.0	1.0	0.0	0.0	0.0	0.0	0.0	0.0	39.0	32.0	7081.0	35.0
	92	97	102	107	112	117	122	127	132	137	142	147	152	157	162	167	172	177	182	187	192	197	202	207	212	217	222	227	232	237
GU190714-CTD26-260_MiFish_S39.1	1.0	0.0	0.0	0.0	0.0	0.0	0.0	0.0	0.0	0.0	0.0	0.0	0.0	0.0	0.0	80112.0	28238.0	20229.0	8.0	0.0	0.0	0.0	0.0	3.0	4.0	0.0	277.0	86810.0	717.0	1.0
	142	147	152	157	162	167	172	177	182	187	192	197	202	207	212	217	222	227	232	237	242	246
GU190715-CTD28-310_MiFish_S40.1	3.0	0.0	0.0	0.0	0.0	94649.0	106518.0	9388.0	0.0	1.0	0.0	0.0	0.0	3.0	0.0	0.0	15.0	9844.0	43.0	0.0	0.0	1.0
	162	164	166	168	170	172	174	176	178	180	182	184	186	188	190	192	194	196	198	200	202	204	206	208	210	212	214	216	218	220	222	224	226	228	230	232	234	236	238	240	242	244
GU190721-CTD31-205_MiFish_S41.1	3.0	8.0	4691.0	110063.0	11916.0	5756.0	342.0	6223.0	45.0	0.0	0.0	0.0	0.0	0.0	0.0	0.0	1.0	0.0	0.0	0.0	0.0	0.0	0.0	4.0	1.0	0.0	0.0	0.0	0.0	0.0	1.0	9.0	67.0	4066.0	19.0	0.0	0.0	0.0	0.0	0.0	0.0	1.0
	164	166	168	170	172	174	176	178	180	182	184	186	188	190	192	194	196	198	200	202	204	206	208	210	212	214	216	218	220	222	224	226	228	230	232	234	236
GU190722-CTD33-205_MiFish_S42.1	1.0	5043.0	157815.0	6667.0	3971.0	0.0	34.0	31.0	0.0	0.0	0.0	0.0	1.0	1.0	0.0	0.0	0.0	0.0	0.0	2.0	1.0	0.0	2.0	0.0	0.0	0.0	0.0	0.0	0.0	3.0	30.0	116.0	3832.0	20.0	0.0	0.0	1.0
	150	152	154	156	158	160	162	164	166	168	170	172	174	176	178	180	182	184	186	188	190	192	194	196	198	200	202	204	206	208	210	212	214	216	218	220	222	224	226	228	230	232	234	236	238	240	242	244	246
GU190724-CTD36-310_MiFish_S43.1	1.0	0.0	0.0	0.0	0.0	0.0	0.0	1588.0	9026.0	50067.0	12377.0	8765.0	8888.0	20906.0	3420.0	18.0	0.0	0.0	0.0	0.0	0.0	2.0	0.0	0.0	0.0	0.0	0.0	0.0	0.0	0.0	0.0	0.0	0.0	0.0	0.0	2.0	4.0	279.0	1381.0	24536.0	208.0	0.0	1.0	0.0	1.0	0.0	0.0	0.0	2.0
	102	107	112	117	122	127	132	137	142	147	152	157	162	167	172	177	182	187	192	197	202	207	212	217	222	227	230
GU190727-CTD40-210_MiFish_S44.1	895.0	0.0	0.0	0.0	0.0	0.0	0.0	0.0	0.0	0.0	0.0	0.0	9.0	195985.0	10712.0	27.0	0.0	1.0	1.0	0.0	1.0	0.0	0.0	0.0	6.0	4148.0	36.0
	166	168	170	172	174	176	178	180	182	184	186	188	190	192	194	196	198	200	202	204	206	208	210	212	214	216	218	220	222	224	226	228	230
GU190727-CTD41B-145_MiFish_S45.1	1050.0	161066.0	4825.0	82.0	354.0	853.0	216.0	0.0	0.0	0.0	0.0	0.0	0.0	0.0	0.0	0.0	0.0	0.0	1.0	0.0	0.0	0.0	0.0	0.0	0.0	0.0	0.0	0.0	0.0	51.0	179.0	4274.0	28.0
	164	166	168	170	172	174	176	178	180	182	184	186	188	190	192	194	196	198	200	202	204	206	208	210	212	214	216	218	220	222	224	226	228	230	232	234	236	238	240	242	244	246
GU190728-CTD43-245_MiFish_S46.1	17.0	20.0	39062.0	4287.0	5860.0	15417.0	30635.0	1963.0	23.0	0.0	0.0	0.0	0.0	0.0	1.0	0.0	0.0	1.0	0.0	0.0	0.0	1.0	0.0	0.0	0.0	0.0	0.0	0.0	0.0	10.0	431.0	2334.0	33806.0	236.0	1.0	0.0	0.0	0.0	0.0	0.0	0.0	1.0
	57	62	67	72	77	82	87	92	97	102	107	112	117	122	127	132	137	142	147	152	157	162	167	172	177	182	187	192	197	202	207	212	217	222	227	230
GU190728-CTD44B-125_MiFish_S47.1	3.0	0.0	0.0	0.0	0.0	0.0	0.0	0.0	0.0	0.0	0.0	0.0	0.0	0.0	0.0	0.0	0.0	0.0	0.0	0.0	0.0	0.0	127404.0	11828.0	22631.0	5.0	0.0	0.0	0.0	3.0	2.0	0.0	0.0	25.0	16078.0	109.0
	164	166	168	170	172	174	176	178	180	182	184	186	188	190	192	194	196	198	200	202	204	206	208	210	212	214	216	218	220	222	224	226	228	230
GU190729-CTD46-240_MiFish_S48.1	1.0	17.0	18944.0	12930.0	7213.0	11157.0	37958.0	3164.0	2.0	0.0	0.0	1.0	0.0	0.0	0.0	0.0	0.0	1.0	0.0	0.0	0.0	0.0	0.0	0.0	0.0	0.0	0.0	1.0	1.0	6.0	383.0	1981.0	40395.0	316.0
	162	164	166	168	170	172	174	176	178	180	182	184	186	188	190	192	194	196	198	200	202	204	206	208	210	212	214	216	218	220	222	224	226	228	230
GU190729-CTD47-140_MiFish_S49.1	6.0	9125.0	291.0	104498.0	30828.0	175.0	2.0	3.0	1.0	4.0	211.0	244.0	0.0	0.0	0.0	1.0	0.0	0.0	0.0	0.0	0.0	0.0	0.0	0.0	0.0	0.0	0.0	0.0	0.0	0.0	0.0	61.0	76.0	6784.0	32.0
	164	166	168	170	172	174	176	178	180	182	184	186	188	190	192	194	196	198	200	202	204	206	208	210	212	214	216	218	220	222	224	226	228	230
GU190731-CTD50-150_MiFish_S50.1	3758.0	220.0	148850.0	16971.0	226.0	64.0	5662.0	45.0	0.0	0.0	1.0	0.0	0.0	2.0	0.0	0.0	0.0	0.0	0.0	0.0	0.0	2.0	0.0	0.0	0.0	0.0	0.0	0.0	0.0	2.0	108.0	228.0	5026.0	37.0
	164	166	168	170	172	174	176	178	180	182	184	186	188	190	192	194	196	198	200	202	204	206	208	210	212	214	216	218	220	222	224	226	228	230
PCRNeg_MiFish_S54.1	3.0	1.0	164.0	7.0	5.0	6.0	8.0	1.0	0.0	0.0	0.0	0.0	0.0	0.0	0.0	0.0	0.0	0.0	0.0	0.0	0.0	0.0	0.0	0.0	0.0	0.0	0.0	0.0	0.0	0.0	2.0	0.0	48.0	2.0

