	15.0	16.0	17.0	18.0	19.0	20.0	21.0	22.0	23.0	24.0	25.0	26.0	27.0	28.0	29.0	30.0	31.0	32.0	33.0	34.0	35.0	36.0	37.0
Sample_134716_R1	1.0	0.0	7.0	16.0	0.0	2.0	0.0	1.0	3.0	3.0	4.0	1.0	5.0	5.0	13.0	22.0	34.0	30.0	42.0	50.0	56.0	126.0	579.0
	19.0	20.0	21.0	22.0	23.0	24.0	25.0	26.0	27.0	28.0	29.0	30.0	31.0	32.0	33.0	34.0	35.0	36.0	37.0
Sample_134717_R1	2.0	1.0	1.0	4.0	1.0	2.0	3.0	3.0	3.0	5.0	8.0	28.0	20.0	22.0	27.0	35.0	53.0	114.0	668.0
	19.0	20.0	21.0	22.0	23.0	24.0	25.0	26.0	27.0	28.0	29.0	30.0	31.0	32.0	33.0	34.0	35.0	36.0	37.0
Sample_134718_R1	1.0	1.0	1.0	1.0	1.0	2.0	2.0	7.0	2.0	5.0	7.0	14.0	17.0	25.0	29.0	47.0	63.0	135.0	640.0
	21.0	22.0	23.0	24.0	25.0	26.0	27.0	28.0	29.0	30.0	31.0	32.0	33.0	34.0	35.0	36.0	37.0	38.0
Sample_134719_R1	2.0	1.0	3.0	3.0	4.0	4.0	7.0	2.0	11.0	17.0	22.0	24.0	28.0	35.0	60.0	112.0	664.0	1.0
	19.0	20.0	21.0	22.0	23.0	24.0	25.0	26.0	27.0	28.0	29.0	30.0	31.0	32.0	33.0	34.0	35.0	36.0	37.0
Sample_134720_R1	1.0	1.0	1.0	1.0	1.0	1.0	1.0	1.0	0.0	6.0	13.0	22.0	21.0	23.0	31.0	34.0	44.0	96.0	702.0
	17.0	18.0	19.0	20.0	21.0	22.0	23.0	24.0	25.0	26.0	27.0	28.0	29.0	30.0	31.0	32.0	33.0	34.0	35.0	36.0	37.0
Sample_134721_R1	10.0	27.0	3.0	1.0	1.0	2.0	1.0	4.0	2.0	4.0	6.0	8.0	14.0	26.0	27.0	24.0	34.0	34.0	45.0	128.0	599.0
	16.0	17.0	18.0	19.0	20.0	21.0	22.0	23.0	24.0	25.0	26.0	27.0	28.0	29.0	30.0	31.0	32.0	33.0	34.0	35.0	36.0	37.0	38.0
Sample_134722_R1	1.0	17.0	11.0	0.0	1.0	2.0	3.0	4.0	4.0	1.0	2.0	7.0	4.0	13.0	17.0	26.0	30.0	38.0	35.0	61.0	131.0	591.0	1.0
	22.0	23.0	24.0	25.0	26.0	27.0	28.0	29.0	30.0	31.0	32.0	33.0	34.0	35.0	36.0	37.0
Sample_134723_R1	2.0	4.0	1.0	2.0	0.0	1.0	7.0	8.0	23.0	33.0	23.0	41.0	33.0	50.0	110.0	662.0
	19.0	20.0	21.0	22.0	23.0	24.0	25.0	26.0	27.0	28.0	29.0	30.0	31.0	32.0	33.0	34.0	35.0	36.0	37.0
Sample_134767_R1	1.0	1.0	1.0	2.0	2.0	2.0	3.0	4.0	12.0	8.0	7.0	15.0	10.0	27.0	26.0	49.0	54.0	103.0	673.0
	19.0	20.0	21.0	22.0	23.0	24.0	25.0	26.0	27.0	28.0	29.0	30.0	31.0	32.0	33.0	34.0	35.0	36.0	37.0
Sample_134768_R1	1.0	0.0	0.0	2.0	4.0	3.0	2.0	1.0	5.0	4.0	6.0	23.0	16.0	17.0	31.0	42.0	49.0	83.0	711.0
	18.0	19.0	20.0	21.0	22.0	23.0	24.0	25.0	26.0	27.0	28.0	29.0	30.0	31.0	32.0	33.0	34.0	35.0	36.0	37.0
Sample_134771_R1	1.0	0.0	2.0	4.0	0.0	2.0	1.0	1.0	3.0	3.0	9.0	13.0	15.0	27.0	29.0	27.0	32.0	80.0	110.0	641.0
	17.0	18.0	19.0	20.0	21.0	22.0	23.0	24.0	25.0	26.0	27.0	28.0	29.0	30.0	31.0	32.0	33.0	34.0	35.0	36.0	37.0
Sample_134772_R1	1.0	2.0	0.0	0.0	4.0	2.0	2.0	1.0	0.0	1.0	3.0	4.0	18.0	11.0	30.0	23.0	27.0	43.0	59.0	125.0	644.0
	19.0	20.0	21.0	22.0	23.0	24.0	25.0	26.0	27.0	28.0	29.0	30.0	31.0	32.0	33.0	34.0	35.0	36.0	37.0
Sample_134777_R1	1.0	2.0	0.0	1.0	2.0	3.0	2.0	1.0	3.0	10.0	17.0	24.0	21.0	19.0	42.0	46.0	46.0	122.0	638.0
	18.0	19.0	20.0	21.0	22.0	23.0	24.0	25.0	26.0	27.0	28.0	29.0	30.0	31.0	32.0	33.0	34.0	35.0	36.0	37.0
Sample_134778_R1	1.0	3.0	0.0	2.0	2.0	0.0	1.0	3.0	4.0	7.0	9.0	10.0	13.0	16.0	30.0	29.0	42.0	68.0	130.0	630.0
	16.0	17.0	18.0	19.0	20.0	21.0	22.0	23.0	24.0	25.0	26.0	27.0	28.0	29.0	30.0	31.0	32.0	33.0	34.0	35.0	36.0	37.0
Sample_134789_R1	1.0	0.0	0.0	1.0	1.0	0.0	2.0	4.0	1.0	3.0	3.0	2.0	5.0	8.0	20.0	24.0	30.0	29.0	35.0	57.0	134.0	640.0
	18.0	19.0	20.0	21.0	22.0	23.0	24.0	25.0	26.0	27.0	28.0	29.0	30.0	31.0	32.0	33.0	34.0	35.0	36.0	37.0
Sample_134790_R1	1.0	0.0	1.0	1.0	0.0	3.0	1.0	2.0	0.0	7.0	3.0	14.0	25.0	22.0	24.0	39.0	39.0	67.0	133.0	618.0

